1000
1 2265 184144286 15348 682618694
1 8694 626918819 9077 298437357
1 34185 338154925 22386 634124997
1 21822 904776881 20130 194420748
1 31757 547993942 15573 269289460
1 4801 284594808 33439 424867875
1 34119 559000488 19068 571362099
1 12285 156940714 39595 17666867
1 14647 621979382 31692 512378916
1 29329 68991032 38103 862023805
1 28365 16679120 20014 945480103
1 31138 543139666 26061 526940801
1 6527 944339463 1667 981166557
1 11892 526766954 30749 784890625
1 39504 608390828 17838 805646888
1 3959 210848816 2846 61552895
1 22669 476104208 32669 204708648
1 27288 627373206 28673 475779769
1 25108 506675908 36980 308356286
1 441 25334477 24728 994364851
1 18815 896357017 4913 40743948
1 8514 984506437 29015 250619565
1 18362 602029728 33447 717428081
1 3975 348690863 35616 436822439
1 921 159619882 11693 11624081
1 2204 634752765 24792 458856932
1 5765 207902665 36286 108975178
1 1661 39610720 2063 902566371
1 6864 12013388 20621 894739647
1 37409 258977097 19339 409715558
1 36733 281958342 23207 887629136
1 24665 379709032 31313 643985261
1 36647 622580358 33953 427061407
1 7004 34577326 10647 519745083
1 18355 204651551 38267 122896524
1 38990 442264909 23362 94338895
1 33222 583384161 31496 452984376
1 33436 709521078 1025 165304684
1 10126 814173 8128 286544388
1 33196 649836185 37218 794213009
1 28861 130635876 20107 776680338
1 5739 380825320 15800 903788543
1 22566 44261895 14216 662665666
1 5552 995288275 1802 22842937
1 4956 70886935 31255 162163382
1 33707 937269452 27895 31174911
1 2989 353187493 15460 568839118
1 39083 968281732 12273 461757265
1 37149 707516674 15274 628191659
1 14163 543104235 18809 245735281
1 17349 299852389 21164 672564330
0 30423
1 13854 997170759 12256 743883728
1 13065 351399181 26490 690229
1 36791 671603473 4502 410276820
1 10671 607302200 13746 831564223
1 23231 542174385 36880 898894665
0 31707
0 28097
1 35565 462249817 34214 811324384
0 29146
1 34612 924430677 13781 131129398
1 19688 518029411 12371 469394116
1 33317 55807429 31385 32438435
1 32271 787756401 13154 126726141
1 18304 814725971 20934 86679580
0 7037
0 28156
1 31571 405032944 37556 678476906
1 11303 131950414 27515 46050358
0 23315
1 22999 904176828 12129 791663987
1 1462 700686529 6924 772931631
1 6648 23913969 39068 203112126
1 32182 676875152 32813 707380713
1 24076 970641944 9878 378427970
1 4547 707275783 788 848863783
0 171
0 2529
0 23084
0 29060
0 21314
0 11075
0 3592
1 22445 789770566 32498 90968171
1 16780 518885471 9740 286448491
0 15780
1 32667 228654680 38361 904639914
1 4454 629030377 27429 585572336
0 4638
0 20815
0 37906
0 32485
1 38557 708073570 26901 38165765
1 38494 461527190 3097 410544178
1 37004 129157515 2628 900648581
1 5815 704947393 1683 219554546
1 22680 64068821 3637 464295703
1 33648 589256928 6010 493984550
0 32742
0 11466
0 18599
0 12584
1 2333 831951619 23085 897849632
1 23875 914593465 3889 351244263
0 13125
1 13232 387676540 38554 970791446
1 30577 278165566 10296 27023508
1 26946 201325490 36977 713727819
1 20570 314100193 21800 644860686
0 13091
0 5045
0 6248
1 36232 975829823 35353 484759035
1 35297 345384323 32091 680455391
1 8109 330511142 5334 399053499
1 24815 666673824 2203 414528989
0 22401
0 36625
0 33593
1 25402 395057165 17580 333358257
1 27544 660347127 11031 85014596
0 21518
0 13951
0 11911
0 27042
0 20736
0 3062
0 38228
1 39976 325587385 23343 679114050
0 20245
0 18944
0 2428
0 6562
1 6443 230914234 38213 684578978
0 22999
1 37910 62492905 38225 893373011
1 21959 195124285 33537 69164163
0 6959
1 28013 529750598 10711 735443341
0 32250
1 14476 531984330 12944 832026525
1 6565 397042444 31456 54060584
0 11226
0 34284
0 31518
0 34544
0 25743
0 37074
0 17892
0 18329
1 708 703297696 33777 457079421
0 16933
1 3812 57627687 29290 1029987
1 2625 16099031 33634 983430795
1 21876 762169937 6856 529535222
1 30414 277731930 3116 49646408
1 26726 581220666 16322 126614987
0 2431
1 17666 43015355 38289 861662116
0 6996
1 18951 486490859 14922 315795686
1 12422 744810052 38603 771209931
0 5383
0 37079
1 17047 6773036 32097 794302127
0 3989
1 10906 305595836 19996 922263468
0 30128
0 19590
0 37536
1 5655 853796581 32671 582123545
1 28438 536308158 8586 881048327
0 10501
1 26624 159080432 21911 446707991
1 30515 8878087 24200 132649288
1 17967 792161610 5084 356565449
1 32172 135241314 26345 533547464
0 33440
1 16783 879630078 3877 761479508
1 7684 116205488 25157 758569046
0 38024
1 16737 296355091 7029 688187923
1 22623 328203674 38388 897107224
0 32404
0 18839
1 5227 994528509 25736 715222701
1 843 768641441 36926 185614031
1 245 849407427 10639 298126066
1 28749 568368930 23327 38463914
0 17668
1 13047 604085815 4578 264721414
1 8876 665575018 693 58195850
0 18727
1 33665 349225872 4394 534574944
0 31132
1 10433 142016197 33056 130218065
1 17454 645205164 8807 496293692
1 38700 797255221 21774 168554353
0 7182
0 35147
1 19965 807626475 39816 976281245
0 33961
0 5029
1 35320 11446956 29396 330801416
1 35846 26167397 2089 853479968
0 9796
1 37778 633404754 27213 726493235
0 21311
0 28517
1 5428 806290899 8815 614327370
1 15004 741381353 18275 6009322
0 9593
1 10013 603208393 31180 514909701
0 37116
0 10202
1 32298 323755187 39639 691717464
1 22765 367887673 12380 819976936
0 11074
0 20959
0 25136
1 35998 955365167 2873 864413934
0 2678
0 24455
0 11739
0 22340
0 19603
0 9033
1 27928 336236463 30739 32790452
1 26653 809391286 24429 979587390
1 26684 37131120 12940 256921245
0 3074
1 6645 281707396 28721 243929886
1 11230 495640734 1981 626942361
0 28204
0 31175
1 29161 157444264 9044 183610925
1 27379 91028689 7782 517523853
0 3510
1 37663 266458150 36658 600666953
0 7649
1 15734 852292548 2498 195867745
1 39532 26755422 34884 850111613
1 13161 107803592 28480 60801428
0 35946
0 36914
1 8172 216967127 13479 409542092
0 20542
0 6562
0 13928
0 25426
1 34064 70208952 16381 182555564
0 27403
1 6338 764563890 1750 616240390
1 8528 535730774 8431 657592922
0 9563
0 9771
0 21454
0 21708
0 34001
0 20938
1 26789 519047262 26809 601002139
1 39479 530556501 8024 918173873
0 23216
1 8272 61212286 11114 124689920
1 24598 878782948 26912 735773622
1 606 776806797 13452 19595515
0 12992
1 10695 877960521 3913 620683289
1 4181 983797301 38413 864962711
1 30603 830920178 25002 851626078
1 20861 878076922 36026 731042792
0 11814
0 4261
0 35104
0 28320
0 13121
0 2002
1 7379 536848315 2113 488540594
1 19095 101667752 4477 923835134
1 5168 71002627 34519 306416438
0 27824
0 17942
1 23825 193666356 19825 298487342
0 30318
0 5716
1 25880 487400777 6826 799209940
1 30756 252590330 37731 201264673
1 14822 662408135 16934 923850057
1 26643 49712213 34748 377157341
0 21610
1 34052 768200182 38086 212502634
0 15712
1 31512 921274323 36027 670409041
0 22776
0 31253
1 21664 973420250 29500 625153188
1 17657 497019426 22684 665410228
0 37295
0 27333
0 33024
0 5385
1 37293 567235267 36170 97654901
1 24663 728969145 15846 896395392
0 37046
0 19765
0 20260
0 12998
0 17091
0 32672
0 35608
0 39444
1 29916 181089318 15676 111861856
0 1491
0 39372
0 16482
1 11096 198743833 13801 552606573
0 38804
0 39977
1 4119 18983233 37589 921238427
1 6070 81797446 32924 341318659
1 15806 648838189 33602 919710392
1 26982 693053933 28110 115664947
1 4628 338837959 6834 27557696
0 19598
1 17773 101570 30379 694171066
1 35325 305969567 33089 495478657
1 32461 428549233 28476 85632939
1 28620 728792655 11394 392402015
0 34281
1 17495 563539477 9512 870499451
0 6087
1 32969 895958688 27687 429538706
1 31319 720664321 666 52075634
1 18285 313022328 19658 229085871
1 17014 619565019 3467 860253726
1 17937 544024850 6635 32463726
0 36160
1 1715 93756255 29921 995443848
1 26702 549872691 21909 174893392
1 38187 190240848 2881 688778646
0 7782
1 7281 709074164 6524 696185054
1 13952 33557907 22251 631764394
1 23936 917817792 5615 498968486
1 16168 550234159 1538 350096592
1 37830 219617402 851 153481998
0 17347
0 31054
0 7647
0 9112
1 10196 270783002 27691 979098075
1 37778 690688894 13500 976607959
1 10417 293042292 38258 546577888
0 37612
1 34659 32159223 5930 950051707
1 2802 668135109 9931 284521343
1 31061 319383075 29863 202221765
0 5885
1 35516 855393541 38873 371660979
0 29257
1 30224 627015067 12778 772637429
0 4605
0 18677
1 13089 530347181 5111 543867639
1 30414 55079363 38180 447585901
0 16162
0 39214
1 17684 161204539 28870 69795228
0 9324
0 34136
1 38023 958144754 13128 735681090
1 305 472759015 39526 527389469
0 30361
0 39841
0 4389
1 33314 2047796 2732 724128004
1 23025 969071594 30012 749187532
1 32901 483848008 25883 719648079
0 38375
0 7881
1 32803 606572559 38839 763506200
0 14034
1 4741 822237185 37624 627675429
0 6340
1 38175 940241644 31486 694454556
0 39594
0 22548
0 26988
0 23377
0 3671
1 11886 2394152 30535 62355980
0 8394
0 13062
1 33827 936659920 22272 59372948
1 696 689624318 35910 201375218
0 14412
1 12482 584314159 7759 124190304
0 4944
0 4055
1 11138 625022796 35653 188640422
0 34050
1 37244 503557933 35091 610129043
1 9752 9140601 30311 465977628
1 1618 24743147 186 57388881
1 3467 153149370 548 914959211
1 12991 235275503 24990 39398627
1 27957 753279226 6763 737624969
1 19074 933098394 18893 793819203
1 13327 795100153 35725 21799011
0 30188
0 17334
0 11461
0 8308
1 35095 749107242 34548 973941376
1 8059 240310911 10838 139285344
1 20597 646913120 36788 710917749
1 12100 130119225 36342 595696733
0 19063
1 264 803546378 22321 817574911
0 4840
1 4886 109599655 36287 32194931
0 32875
1 13759 937922641 29956 882533937
0 33380
1 10612 723427416 2220 552270949
0 1526
1 21635 162960469 17258 495284450
1 11911 614270927 21595 594722566
1 15477 66138273 30854 89746313
1 21647 14450792 16616 47983870
1 16239 61096187 23688 597765901
0 14322
1 8293 57454675 29367 924428724
1 31920 672579182 9356 366024835
1 26256 52036218 38658 775289337
1 7620 993245390 24516 82407385
1 11128 647615465 18624 61485072
1 13687 185021303 38111 976134165
1 7734 212225853 16611 150295526
0 21508
0 12084
1 2711 549502613 33467 743057093
0 261
0 24317
0 9696
1 28874 536070281 14911 57148774
0 39970
1 30442 715887717 34562 555329193
1 36322 497015856 11071 479771942
1 26821 680761215 27241 496181605
0 27203
0 14453
0 12370
0 8632
0 1562
1 39683 328684233 14699 21871968
1 29929 669840718 15536 327407202
0 35617
0 14115
1 17530 388223636 16201 769701254
1 21763 356430901 23295 478150764
0 23604
1 31154 677367339 33767 806159207
0 24382
0 30662
0 34778
0 1374
0 26744
1 13901 534105611 27023 730214205
1 7300 655751551 14349 477075743
1 4242 700446068 1879 49097533
0 6095
0 2682
0 1855
1 19998 440936663 3539 236020950
0 2599
1 33988 888425145 17347 942882399
0 22367
0 13214
0 23059
1 25561 896749621 5023 619396457
0 31054
1 30061 209160238 11172 345461451
0 9073
0 2088
1 34791 215636094 4712 56201080
0 26308
1 2125 732998392 7167 752468215
0 10781
0 13625
0 35168
0 10749
0 3660
1 4995 411933187 10312 573027661
1 8475 28786078 23990 922778127
1 31438 199639926 23887 901749677
0 9899
1 5893 212115202 3289 211171437
0 37307
0 1292
0 1685
0 1074
0 30231
0 26974
1 13599 947232209 28929 296837187
1 35783 695668934 1251 56568195
0 30832
1 35942 72077909 22160 720460871
1 556 348410686 23820 18522466
0 27969
1 14953 883725732 27670 647573758
0 29294
1 23756 738534611 7504 56279426
0 24921
1 5328 17288711 25072 897149544
1 30864 257761341 10217 251648741
0 12932
1 23648 953547228 31931 31446358
0 16278
0 25048
1 18134 158914636 30843 933979195
0 2900
0 6374
1 4932 625554874 9714 691858510
0 22703
1 6616 524274067 36278 255349282
0 4336
1 37868 184059382 16859 381924413
0 6432
1 33445 603313249 27866 987600432
1 15818 856624434 33617 60497423
0 10586
0 24705
1 10571 29778458 16193 353742491
1 2659 91364199 33500 716514910
1 3037 968962227 8272 60261835
1 3298 333820447 2154 506214514
1 39893 681092167 18655 808420738
0 9203
1 33446 29063 30951 803328919
0 14431
0 6464
0 11962
1 37591 728977448 35340 632542782
0 3691
0 20287
1 33956 726824590 13352 487780679
0 9264
1 8219 922525208 5674 53816844
0 39469
1 6296 43605880 12308 789632239
1 9420 813077429 20492 591092624
0 39897
0 23873
0 21003
1 4071 38225266 27934 932526297
0 2510
1 22730 555007305 35730 262906897
1 13807 748236275 36348 425360538
1 25195 835809628 23908 713415540
1 5417 548201257 38747 537120217
1 29360 604081517 33213 4476723
0 2446
1 22469 323138820 24973 502050644
1 3416 782586396 14519 337984469
0 12583
0 7214
0 35510
0 9072
0 1167
0 28388
1 6375 811632070 26885 557456478
0 31110
1 14913 801766262 29138 60990379
1 14845 54261912 12179 493730481
1 2381 197352264 18568 159106559
1 5525 70335705 2593 480068489
1 29598 78958173 21489 644897127
1 10668 943576575 18354 6879605
0 31590
1 34427 224439373 13977 558796168
1 26608 15361408 35217 918652921
1 12289 692280160 25523 559958324
0 20990
0 36835
0 13796
0 20942
1 15977 57311576 20317 718403886
0 25262
1 38168 836526973 3556 56573362
0 13381
0 35498
1 27316 947084320 29162 56343321
1 13268 27561889 30918 213041459
0 5825
1 24212 517472109 7660 445570399
0 6722
0 19623
0 15227
0 20290
0 30405
0 13749
1 13907 857449204 36277 740793348
1 4511 872605356 33511 879910068
0 7657
1 7832 490973207 23830 776343363
1 18669 19313576 17169 293238056
0 14698
1 14029 314085946 22664 150567065
1 1814 771156011 21732 895922979
1 20238 457470488 32433 744771613
1 21607 862538680 33287 212464492
0 4184
1 36786 18525185 22412 690584040
0 18068
0 29070
0 34651
0 4725
1 3299 641411180 20987 418165226
0 2930
0 34728
1 6675 681658950 31739 17469950
1 21136 497460241 2889 405448837
1 37615 398778526 15583 91004896
1 5962 776292852 14500 37289049
0 25721
1 17144 403358314 21085 578066954
0 15972
0 4554
0 22167
1 11393 63889581 27734 14818548
1 15941 139018595 6637 335940355
0 26457
1 33099 688732311 13078 589026351
1 33102 842989473 10738 809461228
1 965 986630463 20761 539784247
1 32435 525536792 29215 74639106
0 7939
0 33083
0 23790
0 32966
0 13820
0 17495
1 1159 978779922 21745 597176027
1 21161 53749093 3278 631345577
0 27694
0 22923
0 26594
0 34881
0 35177
0 30327
1 28581 247527923 35329 709829665
1 19932 2801388 19602 875795086
1 17043 974866336 8536 384180849
0 3390
0 31401
1 25119 97047500 34137 917327404
1 35849 681779508 28997 455599289
1 28704 637687301 19928 914061050
0 2650
1 28910 308154658 34646 419495459
0 15366
0 30788
0 11863
1 22051 549155640 27526 166643532
0 35837
0 602
0 31019
0 32181
0 2819
0 31051
1 34398 811013855 14348 988215812
1 2471 260652818 32690 953983704
1 36441 164099614 38379 634930950
1 7349 807719102 12017 790907572
1 5940 482176806 27029 500843890
0 15077
1 764 512022189 1108 54747763
0 39059
0 22777
1 13953 727405010 8999 382107338
1 23876 31480120 1521 352664186
0 27121
1 12477 407569896 1361 215334429
0 24876
0 31053
0 31470
0 38736
0 25689
0 30576
1 31110 856850397 14852 30378166
1 27709 933965901 27380 332181309
1 29033 869976730 7049 560760325
0 27416
0 31548
0 8406
0 6221
1 39107 118361990 38248 580433830
0 14101
1 39668 641738438 18263 692964500
0 19148
1 15819 771773624 20296 347723596
0 5625
0 20761
0 24204
0 17287
1 16037 464155746 8417 104924292
1 21235 798388253 579 994074921
0 4298
1 19433 888792239 1596 311831604
1 37482 470649102 35229 33027330
0 3675
0 14496
1 7760 53092657 12819 382899209
0 25722
1 23896 107784284 15315 256542766
0 19240
0 22246
0 25296
1 24794 601306685 32663 126430135
0 30575
0 39439
0 16159
1 14146 968792733 34943 463334220
1 23078 281855907 8099 918575219
1 13580 327852410 4957 71580948
1 36092 323675447 978 815481421
0 29561
0 35208
0 14131
0 29595
1 19858 591989144 33134 659450144
0 16869
0 10834
1 16945 104871007 5367 444861384
1 10990 247348967 33459 945271859
0 5620
1 26329 740514486 928 178101044
0 2709
0 37870
0 8003
0 18911
0 18408
0 20576
1 4028 792348918 18786 148385198
1 34787 694191587 25668 775991492
0 37148
0 29479
1 30339 602748664 35670 55160018
1 3762 460765864 38820 17580966
1 28354 736672634 33395 94735728
1 26616 713258661 26109 15012225
1 4630 792107139 25391 243916174
0 38738
1 4821 779939946 34889 560843189
1 8189 442299407 31877 998379017
1 10639 434424464 10443 459183462
0 20096
1 35159 387649911 23898 824027571
0 38145
0 21639
0 24717
0 38980
1 17030 138144832 4683 453434382
0 19815
1 12909 815774790 14795 318132861
1 17113 277720584 11271 331362186
0 3675
0 26378
1 3808 11739097 30569 889953074
0 30159
0 29552
1 37515 838388440 35756 335994885
1 32485 334395932 29587 66616795
1 37299 7955706 2129 119530196
0 22298
0 13321
0 4441
0 5031
0 17487
1 172 451229220 29083 875659788
0 20457
0 14022
1 798 159521655 32158 841841517
0 38658
1 21695 837588551 29869 951640760
1 16371 614538517 13178 93227314
0 20879
0 6724
1 25224 737485979 20245 49885545
0 22705
0 21713
0 16603
0 25786
1 26417 61810225 24746 527875961
1 16959 447068951 37169 627894005
0 33821
0 19002
1 12722 94706131 18853 49788015
0 16999
1 10281 677885514 25405 510534067
1 11070 760906335 12762 452509830
1 30970 413544077 30804 409623549
1 28278 8532239 8508 92302840
1 39176 755540334 17339 970311193
1 26320 130022045 18335 443039981
1 559 588753724 21952 965180698
1 16263 327885594 16509 99798969
0 1489
0 17834
1 30175 27471407 5496 630266268
0 30297
0 38534
1 14555 733200003 11894 412957959
0 5850
0 8203
0 20745
0 1123
0 30536
0 17809
1 21845 674317414 15890 810698235
0 5624
1 19822 624126187 3939 823936967
1 33794 230205303 31552 761300034
1 26883 114295107 5977 406199024
0 31349
0 8970
0 5715
1 27347 855546136 7590 354502482
0 15644
1 20611 18471990 32332 643035415
1 389 769687795 25029 373010758
1 19837 700178718 37151 625459762
1 30222 945219857 2828 832625459
1 2529 169669988 7001 53956569
1 19920 567751787 27570 51906673
1 22181 195911178 26645 655187879
1 3106 6907950 8341 885219471
0 9756
0 28073
0 374
0 30731
0 13679
1 31973 30663258 10506 472767595
1 22963 180757941 13432 23172389
1 24762 73622654 26574 729761380
1 8854 918175117 12120 719385242
1 18203 122639462 35421 174010397
0 34677
1 33499 411286751 8790 835389082
0 13997
0 29309
1 4519 467130832 21441 790589211
0 37146
1 23067 811864920 3580 36665815
0 19316
1 11590 607179310 1326 776711787
1 19455 989221804 20722 772910152
0 6857
1 39502 907899912 27129 252579396
0 9617
1 16518 679092750 14478 739347215
1 9645 736160151 4713 960190778
1 23146 539039009 8775 388662669
1 39618 16950558 20794 424863857
1 23506 959881893 27580 832716063
1 7433 226570824 21496 909691672
1 35996 317441729 1504 675332988
1 12810 323575825 28778 479309138
0 34764
0 6905
1 23740 138404915 20456 865340625
0 21321
0 28370
1 8640 882643849 13706 837574128
0 22272
0 34563
1 5270 738716367 17269 311215671
0 35804
1 9809 605323427 10082 262580752
1 9710 280414340 36057 494861698
0 17714
0 28238
1 19416 608766176 8259 968895418
0 16053
0 3035
0 27834
1 24998 418090627 35337 469384581
1 3686 225404369 32491 868520903
1 27697 238710931 39793 785454938
0 5010
0 3823
0 18627
1 26316 759737224 3549 19034744
1 1128 219215622 10345 486200358
0 19942
1 19164 132251508 27041 841933934
0 21245
1 24182 762955023 31789 836031787
0 26557
0 33145
1 33285 108727345 14543 565945176
1 18949 587635073 32076 241905228
0 14152
1 12535 488270560 23049 258327467
0 5343
0 20233
0 36777
1 23827 33921888 22867 21700694
0 29952
0 1699
1 2055 5554351 34496 114061436
1 8178 712951342 27411 634975871
0 23368
0 11483
1 39300 622517670 4536 202392713
1 20053 406628713 14868 53778110
1 37773 15159958 7287 691024002
0 30108
1 1352 882597857 38364 412069996
0 13747
1 20877 914824967 34536 970642833
0 18816
0 23984
0 24161
1 12339 426493448 28928 98824360
1 27716 970708928 7500 25366872
0 4082
1 13384 844998842 15737 762495233
0 19534
0 15058
0 1444
1 559 395928327 13531 558943529
1 15955 391474806 264 135119598
1 36503 313190973 31974 347953753
1 13655 494215339 18903 761541330
1 37803 963412606 2072 32225093
1 3735 415558137 24195 909384021
1 31555 28458252 1391 372058484
1 13154 599324784 20436 112298287
0 21116
0 39941
0 25588
1 8011 465074898 36649 975453695
1 8489 268850192 21718 899026881
0 9051
0 355
0 18814
0 3557
1 10654 629436456 815 46343741
0 3947
1 14338 677439243 16878 642650803
1 22887 399273106 17875 872978817
1 31969 670005580 33242 339246793
1 25923 288950801 27508 19202951
0 30891
1 13688 389289076 27373 415254013
0 36507
0 15152
1 29754 146544039 22612 565761580
0 905
1 5704 868547694 35342 733021487
0 32840
0 22049
0 3372
1 4210 541893726 29807 351915736
0 25830
1 22706 770342118 38671 127570804
0 16087
1 19781 406056017 495 996590982
1 19058 437285084 18727 58721767
1 36470 91371390 36318 456654199
1 34044 329843805 23969 214960155
0 4144
0 8516
1 24326 847918043 738 226920726
1 27443 818590495 18839 45427294
1 27569 425249896 29046 39999900
1 8172 423442186 33832 461428601
1 30970 772227255 27342 807827313
1 30482 826769173 32918 740626522
1 16391 557529582 29788 858896517
0 38157
1 17114 487630537 11473 979629565
1 19400 368607562 21433 938396628
1 23610 34238219 20915 58543720
0 21366
0 172
0 17444
0 24127
0 28792
1 17363 258010996 23360 24566284
0 5761
0 6771
0 25111
0 27483
0 14249
1 14916 997545535 10946 819651466
0 38112
