1000 3000 3000
896 952 43155127
492 601 49355632
170 269 32123635
32 728 32923310
689 725 5106449
467 812 30836501
537 810 47885277
572 837 39597422
32 34 18997264
723 915 755035
603 999 30916341
792 921 26357399
707 809 8387787
128 357 2438399
18 132 32236011
369 435 8134866
342 363 48525994
690 731 27355573
262 497 33410177
511 968 35008378
474 992 10762475
944 989 32813217
466 842 37702159
383 698 23994143
167 206 17854879
352 792 4361695
116 568 31457536
210 571 41497095
653 846 49146283
255 273 15709180
275 481 24956627
935 944 30000040
938 1000 45571400
324 983 17153147
522 651 22341403
496 615 8794543
64 258 28442499
97 571 6159697
253 760 40813183
513 820 45470205
687 911 48895293
32 44 37115497
70 553 25228603
187 533 1314596
536 698 35314988
189 464 12637728
380 456 23191965
133 497 39824239
11 199 46029400
720 872 38027850
647 994 6934792
475 499 3392087
683 856 19084191
382 406 25926956
459 633 14401013
571 931 29934607
433 941 22121393
880 974 21926143
625 688 5697389
427 793 48121209
557 588 34241941
639 692 8759796
350 999 35073040
749 929 48735790
869 978 3069475
194 832 16585130
50 399 20944658
812 983 35735289
121 371 37638536
40 322 24491962
137 251 36254136
26 80 21218653
308 656 31418437
754 977 17803820
885 900 20712031
216 355 26056075
8 697 33448368
678 832 3162494
458 635 15693174
673 967 35752557
663 913 32485233
340 711 39239972
216 408 26378495
487 975 19520798
136 210 49164294
144 434 43942915
517 582 17545234
17 602 12334063
270 864 14422847
866 870 12342901
807 925 20148442
667 845 20889700
952 992 4239555
211 235 4808008
15 365 947989
79 733 2814644
303 307 15210761
731 839 2216895
151 644 10980632
633 968 41433037
619 781 36245984
763 989 7501328
745 836 18761801
878 927 14214862
766 885 21493480
66 140 31590756
780 798 32135716
272 432 17573003
182 693 14286615
86 310 3595226
595 607 28597047
427 928 24915468
900 973 47189557
91 831 30259076
220 535 40814117
279 645 8398478
31 54 20415968
599 838 24358120
644 795 2582950
986 998 37008257
898 914 20646024
40 142 30244480
56 71 10539781
965 996 18979208
673 705 15274100
931 968 1847226
653 713 38525986
199 219 44839676
789 930 15829307
685 862 12919161
509 832 33740398
682 810 21753449
362 401 38314316
300 371 37386643
697 974 36002545
857 875 34943632
498 823 42356455
239 491 27777873
589 718 13705159
315 503 27227492
575 673 2539425
792 914 6631154
419 749 46258974
289 796 4617869
230 946 21194596
545 588 44592168
282 903 12296122
194 672 5559911
981 984 41721581
634 705 46655130
108 935 11915122
213 715 9111044
662 761 6081356
215 591 45957984
790 810 49520561
646 790 38486438
82 220 34142440
88 197 11049098
778 979 21929845
757 989 37912005
693 792 28293880
396 564 29482649
493 556 22205651
42 351 30707727
64 825 47427723
135 728 35815940
568 899 1337329
927 1000 7068003
707 909 22643201
984 997 45135924
441 956 30254986
800 855 45719766
333 753 9574415
261 488 15594632
608 901 11278189
2 7 30113583
106 119 43698111
791 980 28990035
56 416 16188287
152 250 38427114
211 935 34977902
629 742 48330969
74 81 24830005
607 761 20683576
157 911 17972172
322 363 40406869
319 918 44012571
322 581 12264316
196 663 17045087
370 486 6697974
671 1000 40845904
89 654 8310992
662 801 12663937
85 670 40745310
854 914 20151047
30 474 14227070
60 125 1475805
210 759 34988065
211 303 9916167
733 949 14716296
343 558 33073398
324 524 9257420
162 702 9634220
434 597 670113
101 214 10035744
541 592 25664475
630 927 34235492
874 969 22416562
270 877 45785093
96 630 19508802
33 732 14577843
747 962 16374998
93 907 32841889
314 324 32610021
416 712 33663023
667 977 24396125
43 292 47801543
13 841 33885472
285 784 42923140
140 865 38893132
14 329 30778906
674 675 49899968
703 884 21913330
632 707 19170524
745 845 16050068
666 992 27465095
39 191 31914826
963 964 49998967
405 881 30169858
790 854 6571053
840 910 1358197
816 883 31617086
213 504 31024646
678 913 32622169
397 600 42935661
71 218 6553350
299 353 39163924
860 976 14037932
467 813 33955521
650 984 39329750
102 437 16718838
322 464 36575542
121 196 32763030
394 608 40534635
62 177 7210312
205 587 37054847
60 759 43960608
311 841 38580788
18 57 19070973
993 995 31026304
130 192 5755949
195 303 1193046
682 741 7704280
751 893 38714023
185 972 4851227
870 948 46737193
255 580 24802675
94 511 28545495
320 526 3656925
24 194 7663673
432 881 45206843
596 617 32763749
106 140 20780666
72 262 44382278
224 933 10991218
428 738 14564508
299 580 31881229
41 380 17149636
788 847 24053932
258 662 25795514
850 864 18633798
976 981 25576156
102 146 11293394
812 820 16246384
688 757 32929384
90 752 46440809
24 31 40641827
892 916 14791526
82 239 45574601
925 981 42166012
395 632 20845486
42 64 2189237
332 341 26352853
394 488 45293528
243 618 14650841
876 935 36828139
164 808 40007819
895 952 30435831
524 640 35966813
82 447 48519051
684 751 13490175
73 882 43715971
321 833 2556231
244 339 35201418
147 385 31544534
507 646 24256862
709 752 4158073
105 516 43855188
390 892 19949005
941 958 46966555
597 653 23688103
210 488 14392644
729 754 33222066
527 969 12667778
54 650 21255642
260 698 31497519
524 866 40276841
112 200 35388432
170 888 5131504
496 795 5931738
134 330 43985897
842 991 27160181
628 876 29011866
85 381 28199423
485 748 42959293
265 851 6531092
361 927 31560925
5 16 39686605
959 996 17069443
59 186 20254854
201 951 33474834
368 769 28740069
230 457 33898224
366 913 1603480
31 86 13882214
280 961 46115677
234 440 5090762
149 921 7852744
358 960 4921179
64 940 22312129
799 832 32602732
142 569 49882572
478 936 12677829
19 110 48717197
617 924 35981382
201 250 45360395
42 51 25206989
41 144 39708852
487 498 16958170
380 566 42846753
384 892 33205233
625 798 11117980
373 554 7886400
816 952 46266335
437 904 6409730
495 658 3125791
184 471 49417123
394 736 4744265
550 944 27714981
679 888 11010188
41 187 12675266
218 981 29393687
994 999 40531667
59 823 21224740
521 675 42895600
477 977 35206325
298 351 32670681
352 842 37174557
847 973 28489364
484 677 42640323
920 976 20723672
692 863 9898787
872 933 10869674
366 527 14114325
326 741 2521798
478 553 32126290
43 922 21896256
60 253 7747892
2 25 38570603
510 821 39950909
78 224 14529786
175 750 20045147
108 671 46858085
775 801 20429162
800 946 40240655
988 1000 17751035
31 167 28958629
516 642 10440916
145 698 7713609
76 134 49044152
556 854 6764400
138 816 48759528
436 742 40286216
811 895 36549737
765 985 43618783
147 308 43618312
190 381 10482368
340 737 14263068
32 362 49327583
30 859 40576907
603 893 49439478
986 994 15297039
333 686 22285233
147 168 8498618
247 734 8988104
230 626 19700152
310 475 44024042
846 856 33573333
339 495 22871266
93 705 18295102
470 971 42497013
468 605 15894540
273 549 42628105
819 890 2583934
131 338 4939661
316 500 34540550
93 434 9675028
650 920 20575496
628 926 9465411
650 798 41599070
779 825 11788910
160 522 11752863
640 785 38022398
714 777 14139041
383 402 26508694
512 655 2406076
876 922 13457526
702 931 47904209
585 701 43513119
335 829 18977547
31 897 41146167
311 412 1667045
298 714 28752944
124 956 46904045
189 813 14499877
884 985 30624199
250 990 15403396
897 985 4922228
877 938 22490610
388 622 6415445
856 998 10214635
630 873 34804970
317 956 49860265
789 925 40450400
676 719 2776776
701 705 41561419
98 678 26797607
514 769 19789232
418 936 19219601
278 969 46748102
835 975 140573
655 764 30072829
686 923 47306578
5 35 25756096
661 673 25140367
378 462 31334775
937 989 11094570
522 573 5692881
939 969 36496600
218 272 1727680
664 730 9438797
375 805 18957253
724 905 45917732
748 889 29000301
29 336 16645248
586 994 47978908
798 965 18054516
443 781 28027913
305 453 10644768
703 760 47335306
522 664 12467357
54 222 45864210
33 280 15798172
562 711 1967735
1 531 18101833
750 882 23416441
5 45 7095798
239 784 22610689
579 949 47638005
252 836 26784934
697 947 11242565
413 789 48971893
204 937 37532786
38 912 19898354
721 754 36915766
260 541 13310426
610 723 13689700
547 640 11616683
847 984 44293766
212 530 7093222
77 386 33490117
159 443 7072148
101 373 41306634
649 890 18213383
669 734 43550179
260 412 44113634
123 939 21379112
959 968 18442844
142 284 40425054
581 913 10771520
403 492 9481307
795 906 13930552
290 377 25485739
858 884 28985804
844 860 37221043
65 602 1360934
22 998 36386708
638 861 11543448
971 976 7141587
145 918 20670176
785 923 36808502
782 980 45639338
602 657 41257585
155 907 21771606
7 21 47561601
274 780 15708156
407 768 13796441
80 616 33625261
782 853 7289020
50 245 2978172
326 471 15956458
38 243 35402813
394 414 17079422
605 808 5422989
66 721 30374935
511 709 36418963
806 913 21802038
323 427 29369733
105 595 43202791
666 964 18682349
82 130 23523876
148 541 6963885
554 958 39827574
57 246 29779136
867 938 36124381
723 754 24766404
841 995 3838706
696 797 30223925
418 664 9574475
527 820 14596604
434 627 12550559
52 302 47500072
248 801 29416874
902 909 3253115
827 858 1632851
385 705 41657640
107 213 45550221
5 55 14087515
5 6 663291
517 899 6408058
68 188 25284311
3 721 42783530
90 290 2590740
515 991 3657238
383 578 8051394
552 802 24923500
122 389 33399987
759 886 30036007
9 697 34257500
399 847 6272788
477 741 16637181
837 950 43618703
130 984 27277701
761 833 26502926
539 981 16518192
24 136 38130402
138 296 29591026
82 145 39013945
815 986 13250328
586 755 43876070
217 750 3121069
857 919 29326693
116 170 24780826
301 579 4362521
389 967 21134482
575 601 13479769
794 896 45365677
519 694 26798251
236 819 28676435
270 401 19668943
282 800 30696284
566 833 43417344
211 478 21359733
4 862 29058934
83 87 17723078
823 855 35717807
5 512 42854738
857 900 6993519
268 433 20414622
81 159 39930246
227 465 45031573
414 903 7152721
149 266 41865003
946 951 32445699
239 737 19889857
248 415 47563045
158 560 17434952
633 916 14055516
101 598 33046186
870 928 11972843
253 490 23553125
378 629 37007608
128 572 45562361
596 671 41789843
292 559 6083461
355 991 468596
414 681 20876461
946 952 3219972
181 694 41115198
1 203 29896480
958 977 38521621
352 430 2746777
11 109 26511805
851 864 38167935
722 986 38504791
830 909 22976031
977 996 14152511
500 617 23427402
399 796 18436204
62 291 29907416
272 892 22015256
779 820 22596461
350 510 31384737
730 947 1030139
347 484 27280048
4 10 6342792
323 487 8770712
132 605 32591282
660 904 9896065
918 972 24512880
877 947 29181253
128 272 25741978
789 810 27313562
802 907 43679660
867 943 4968946
977 987 48638535
1 8 7916575
549 575 13371384
436 624 48023227
329 679 36228925
901 902 41813191
849 940 45575365
466 832 48521746
846 916 44244472
993 1000 47613532
976 997 2254519
737 972 9178172
532 825 48819173
448 806 29114559
658 715 16872742
129 581 18793682
135 266 35052262
718 767 31812706
569 664 47740446
66 380 33722945
910 943 49009490
186 585 49290444
208 333 25729247
520 964 38349003
474 913 4696563
264 284 21848856
34 329 20897373
423 616 45123972
190 222 22983815
65 92 35210742
440 627 32422592
201 324 9909461
871 968 33510847
881 883 39916584
418 684 2314725
119 418 13907964
236 840 15763779
113 419 42475270
468 660 214236
823 969 47676298
165 374 14489132
790 986 40359676
622 914 29224681
550 783 23885796
380 533 41403528
328 566 15539335
577 778 2831235
453 731 43423043
33 496 24411482
338 797 30501691
478 770 45500504
52 96 29306676
780 859 46402327
188 961 16191679
503 855 14202566
482 674 13584281
71 131 28875050
764 777 41837007
628 774 20167395
568 764 42373029
377 665 7055473
677 768 15971001
858 903 10973814
751 781 25774308
754 839 45542845
526 754 3672673
613 726 44786172
533 952 11783985
50 916 31870678
141 483 19742269
249 517 12079652
78 392 12003134
795 985 18047733
159 337 14253914
973 994 30771411
76 219 15053583
954 972 27628105
444 600 36822229
826 888 10164130
693 738 26158335
534 985 41921266
725 916 11693027
883 921 9357019
860 954 32218170
560 563 49214857
24 377 28199242
958 995 32313087
58 63 7679810
219 534 30719254
648 913 24000485
323 428 47361346
933 977 19216106
631 658 46943128
70 137 27822627
124 126 24089101
603 795 31263198
480 846 42114433
913 967 11239305
179 851 62332
853 981 26627993
636 995 8966711
155 323 42306092
266 438 10165598
676 677 30534508
477 674 25312916
175 451 15621687
379 746 26667704
160 413 23285758
514 919 16082662
945 996 19569643
409 958 25714369
807 996 40368327
405 742 37015920
418 485 8532250
374 773 19448295
20 638 19783444
326 706 5274984
502 740 19834027
874 880 27432905
352 923 49304198
944 946 46418039
904 996 9432090
768 946 45794107
15 481 37184659
117 268 45938364
615 776 15782901
158 463 29604166
202 414 17991939
348 371 48619849
594 886 37980256
583 845 19307045
416 755 4209652
511 760 13323428
3 5 15614865
210 766 36447688
230 242 26640854
626 949 43400776
197 749 30257620
179 305 26057429
436 578 30942704
233 472 30986017
437 892 27242504
210 858 25794082
943 970 19887066
323 550 29922580
96 576 12212129
406 576 19254717
708 736 32408448
933 942 20621684
136 758 38860708
274 646 36206692
402 763 35336998
280 486 1629454
690 870 26046382
712 881 40471309
423 542 20890078
717 778 23027358
748 988 37981806
575 588 22176479
51 581 40820115
901 955 46148055
201 428 45949990
956 967 14378807
79 726 27087618
157 565 21939807
404 511 29618734
32 912 19887140
495 738 15710908
939 971 40089297
42 545 28196208
622 862 1229931
55 59 31079461
421 702 9866298
601 920 36479981
769 864 49729796
670 798 14341496
82 94 20010012
331 369 5845431
695 961 15238300
444 509 47320896
888 890 43115630
432 699 48574709
209 976 29813905
50 921 20803296
470 667 35058713
396 431 14936162
541 580 22158712
410 893 31831053
33 299 34083581
792 907 39469390
997 998 33449114
577 631 15269199
648 908 33933418
693 913 10512283
352 599 33957874
42 154 43449604
603 919 22312872
278 332 39765826
607 620 2525105
327 757 47406044
3 20 22592879
37 240 19006668
760 989 35070907
378 468 3605598
10 316 24393199
800 821 13226585
36 370 47608232
958 982 7500129
42 70 1312714
170 178 6817564
195 375 781124
847 971 4861204
352 713 5021205
854 874 46642396
281 593 44964751
517 651 26324471
366 737 46040154
422 831 27692277
787 851 44669245
80 420 18295263
254 445 19285913
324 881 2182997
203 543 34337718
310 775 19907830
763 943 21741122
205 675 43721600
408 710 42386327
336 386 35919800
105 602 43925181
123 842 14715277
600 758 13322800
137 648 34533112
623 731 34914915
719 770 1530790
90 703 49902468
971 974 15383513
311 700 38287490
926 934 31605132
820 947 8755917
785 899 46506326
897 933 2039517
65 952 22048656
70 677 6087029
151 556 6129978
773 980 1649961
708 883 17650203
650 776 5322270
776 883 9376424
455 662 23344529
394 462 5440295
294 781 22543258
395 814 44330516
328 359 10700466
32 172 23623492
407 777 6419828
656 677 46417352
690 865 6321952
974 979 20941716
367 441 35795301
3 898 136801
990 993 24273760
373 597 7431631
585 671 17997664
464 690 29302607
832 984 34237036
641 659 32755904
916 932 28610311
29 166 22482648
741 777 23218866
862 916 31301958
259 633 9484979
148 721 17710485
682 779 11028373
119 444 45182292
8 138 48378224
453 961 41467636
409 447 15266282
28 248 35522673
191 666 18789374
54 87 38096949
381 780 42564348
575 648 2352953
646 982 33302737
991 998 32031853
332 618 24829833
8 397 9502810
505 759 20643858
724 835 49690117
25 178 23699267
22 270 4194327
916 975 4785052
654 963 18724796
456 905 40324816
30 709 10348617
747 831 48027264
688 870 44488609
676 872 38304458
477 680 35232857
325 901 43483778
113 168 17990810
19 306 42973631
469 612 38956231
120 670 39220250
256 750 44383072
64 301 9070002
897 1000 6814887
319 962 10309364
603 938 11876481
416 974 43763609
6 11 37362590
838 872 11512687
846 889 19961948
312 860 16146653
704 814 6941161
593 992 41422497
101 988 19123368
634 644 41223773
24 82 4838231
850 986 8652882
602 649 18923886
71 89 18107499
763 806 42617802
370 788 45552253
564 775 39871498
61 488 32157261
410 520 2721722
362 661 42969171
13 185 29785263
40 532 4364349
759 957 18563633
311 388 3666743
596 942 8108512
39 653 42996074
150 495 44287056
577 641 21659202
192 344 34231031
43 386 35067893
241 816 26913737
206 273 35328065
146 174 10311585
625 937 19406325
17 40 44610915
27 28 17751602
754 902 25625567
257 766 43458547
944 972 49668601
379 387 27071947
902 921 3958279
605 904 28868462
82 366 43985147
977 999 15071603
723 977 35170882
105 870 1828184
352 446 815724
943 964 48631623
984 992 46102796
97 275 2929943
86 876 3111778
824 966 7944470
240 583 24257591
541 777 2612742
994 996 29073673
961 986 28964965
768 926 9567080
234 827 36941426
5 9 47642656
873 988 22452076
876 990 10492056
416 786 19779997
885 993 9849850
910 930 27379991
175 731 35226132
73 978 37473214
21 114 44239359
589 852 34812678
403 539 10080126
824 831 13270782
279 959 19046184
747 800 2144014
394 840 47969738
11 875 41121020
486 660 22059143
884 979 47735733
64 412 37694401
739 923 21546571
619 829 27795389
539 792 10219834
388 774 33188353
825 842 13914479
290 681 14614401
138 764 35059851
410 659 3857915
638 678 37813220
30 442 2492064
58 784 31038668
180 556 28632564
153 190 22803095
26 639 38709367
68 69 41620055
407 647 9549317
39 579 2044266
135 403 1783163
95 212 6138167
374 785 29509659
829 833 6552372
362 768 10336306
742 942 23246252
386 922 43946999
577 650 24852159
77 372 19312183
532 617 46742570
681 857 2158383
38 585 46902088
716 809 20932026
283 319 1433817
264 437 7579436
740 979 37191683
825 912 9516925
49 91 20884374
926 975 9945002
1 2 44593428
131 400 5823192
421 705 29469169
227 690 31327546
428 723 30227351
8 519 8886070
869 928 3337133
78 506 8228931
977 998 11818265
802 855 44126358
954 955 18620739
177 316 28480637
838 914 36426012
207 258 30793739
425 629 28097376
62 95 44164469
606 877 45697176
579 885 27422652
984 996 6617058
243 346 8411148
679 736 43264372
958 972 15170149
183 933 25375199
719 837 1600888
180 324 25826961
439 716 35653844
865 923 7645086
729 742 34056513
13 325 19092288
36 86 47405676
476 595 26821916
365 416 22011333
463 700 8721990
588 997 29735462
424 499 30697224
577 962 32684341
42 139 36938463
813 828 34083083
76 546 7651655
709 872 2073110
357 785 4431160
661 749 27387323
585 736 3409777
805 811 1185600
195 532 38021364
672 876 43107050
231 368 34090578
166 582 43371106
48 396 15979304
725 898 19357405
312 863 45475434
383 974 483196
940 942 41518047
561 580 10923889
188 348 15596653
992 997 20974180
657 808 20590871
544 553 24354581
125 953 37350724
315 502 21919682
507 520 29628226
822 872 29905355
617 865 16083594
453 713 28302484
91 198 33299142
517 595 4944811
922 929 43930640
302 385 20702379
458 739 49597437
919 933 48117600
676 681 37464282
679 929 5769259
481 706 33104437
200 579 15000360
210 216 11604640
758 814 27127311
19 89 37621041
192 557 19286744
356 782 33161677
239 680 6906403
454 458 10161190
3 29 47050710
288 709 13320579
592 769 48798984
165 461 34707648
580 998 21309726
313 355 31914517
11 172 21744179
194 603 10776347
444 835 8375230
44 938 48451979
562 628 12883054
117 179 39226569
114 143 29797849
237 953 39866018
537 861 715222
931 970 32112850
806 964 10772263
860 910 11243338
81 593 47592156
189 669 27803952
398 960 36817011
180 234 4369702
409 530 22936004
986 996 831439
637 763 20524701
301 824 17001103
122 309 16561833
166 331 47804819
814 865 3074710
202 491 16209170
40 68 46336246
100 115 39314514
253 628 34427110
390 407 44477421
155 712 23979886
105 734 45843797
555 591 500393
856 864 28141718
22 855 2296870
975 995 39111387
19 256 19587597
235 719 9315380
566 886 35613574
214 910 33943446
418 458 35461334
79 722 33736740
927 948 45550027
123 433 32031020
534 698 13327835
752 927 11530997
137 830 23578632
77 541 39368760
533 637 46441223
2 3 28206444
151 980 46595616
634 830 16234694
80 729 46792152
152 270 35282177
218 524 13919566
373 768 49363419
591 611 25067363
730 986 13404128
851 887 15212061
231 755 46300010
503 578 42298446
37 453 12510697
744 787 33567344
548 654 39955424
378 464 37039572
31 479 45044016
381 588 26548988
123 421 35178521
367 577 26750789
241 818 27809406
24 36 31727048
309 311 34271464
268 644 22161283
642 959 22634190
988 990 11060148
935 939 23132564
4 14 18125190
280 317 13092945
433 649 3486959
241 652 15215317
380 606 36559449
43 48 18151147
15 721 6723200
115 601 3664091
18 741 33521819
287 514 16436275
655 965 8165566
479 894 33716679
469 712 28908287
720 906 20677751
212 313 3939800
234 300 15832880
919 926 42072908
692 768 27970742
86 156 21924557
41 99 40118688
225 677 35132766
3 582 7627044
316 551 16693877
35 567 41705748
338 536 40642211
99 155 48624297
71 751 3665014
153 878 26299520
464 685 25825055
404 474 18384098
233 364 29804240
980 997 32416456
848 900 17466984
225 337 42341278
111 956 21283922
190 300 49379784
721 858 3529898
451 817 46427619
35 473 48824610
726 907 451149
537 588 4836517
155 913 23564519
288 356 20053946
636 692 2880793
900 984 21484842
587 770 18266647
456 961 39779941
32 226 43290211
740 891 47111458
76 527 38131348
368 979 46560198
895 986 11296981
139 229 35807239
885 920 9205680
27 205 10422865
72 102 14501005
761 934 29922664
18 33 5853941
681 874 45592400
462 869 6614556
239 246 24168938
953 982 45892127
633 761 23744607
504 648 23605130
104 843 40739777
386 388 17608093
106 331 5405424
929 950 25269200
236 332 6823483
46 456 46019860
195 288 293064
512 571 28396636
114 183 389814
372 405 9237212
255 312 9775232
357 998 21853584
761 820 46506149
923 975 47102081
961 993 36814726
103 989 10903620
362 852 5080463
272 495 29801027
49 302 25546521
839 992 26664768
125 566 17043087
550 683 1109270
252 454 6089168
767 925 20066882
962 972 26529493
525 926 41672227
767 839 7336084
228 782 11403774
532 686 26894884
763 999 40725829
53 470 25407137
212 874 23697561
617 992 3955282
510 852 17821837
402 505 18658313
55 642 10661549
105 880 19056587
582 705 39151679
632 982 30474545
83 551 1123016
417 473 46853646
865 949 10330066
72 917 24308946
639 759 21556845
852 903 34503087
850 983 16096884
80 522 22370170
929 968 40308369
300 619 26857299
981 992 319107
90 175 16424968
621 894 1087135
625 829 43543863
516 598 21488917
603 922 15125939
907 956 14178549
601 840 1803689
852 981 40205810
683 968 9384708
384 865 34803301
10 467 11719181
92 249 30339989
420 970 30594263
503 851 22707125
539 889 38983642
924 963 11216302
342 857 36994910
27 158 36513055
269 647 23409179
205 978 8741538
24 443 19311390
162 973 40463826
922 960 33881582
97 838 5573258
116 486 71024
572 848 17053935
195 365 29217544
95 260 16182320
723 877 13077633
633 900 40059788
785 989 10042799
299 814 33879445
765 812 13591506
991 995 34029492
82 983 43322430
809 957 26772206
114 160 38501049
817 852 39629541
172 737 13842469
265 653 46144930
883 899 27823327
484 673 15385617
1 805 38376550
898 978 334925
715 844 48024512
772 921 47600030
879 984 11836569
191 952 24301889
838 947 46996654
131 442 23052519
156 171 42628713
26 950 27046015
623 734 35985741
30 921 33750584
613 929 38145557
999 1000 5682626
231 827 34139288
609 691 36619221
551 954 13795056
755 765 30078581
254 659 7423067
19 98 5436660
54 896 41805281
633 922 6628664
60 110 747448
162 804 14164287
753 780 33696996
405 979 5143007
224 895 11356706
140 395 25936851
543 691 7728647
836 925 17292531
751 935 4366053
585 806 21126979
29 236 8292334
574 613 49325359
89 127 49692956
242 356 35906069
207 245 1835088
739 860 25312388
586 907 27099449
962 989 1268932
299 940 9829623
676 982 3307286
66 141 8021888
211 320 29042236
61 509 23106499
811 925 13130172
335 385 36573196
241 724 45348834
327 358 3039144
104 128 48684164
205 947 24586953
351 900 18670601
329 997 19745580
326 870 309804
75 281 19772408
8 73 14567678
829 972 16258410
603 745 34188842
188 391 8337071
114 116 39603069
449 451 15366801
685 714 22113446
821 943 43872470
171 999 40567098
582 601 33652069
22 53 15427963
315 844 44416427
308 647 17042265
912 929 1347389
162 662 19467193
594 622 37561023
828 944 41423862
175 707 23984772
554 683 7232805
133 349 7216630
257 443 13801374
15 42 15305273
143 755 17307960
5 948 30741515
589 634 47808083
157 785 32709999
516 772 4752028
878 965 12989706
71 888 1462412
636 824 4708301
241 321 41036722
722 882 4433236
729 854 26526771
347 560 5874062
968 991 4642703
840 876 40908063
306 554 12694309
939 941 31806978
425 875 18476154
297 876 38056691
722 790 44165814
259 555 13495820
69 368 47290223
180 763 1673646
267 733 28571178
50 215 15919906
672 754 22483743
104 533 6882816
133 551 48149821
898 995 41950416
445 969 482798
47 103 10930416
860 879 9664924
83 693 28268342
8 166 18237172
204 702 511061
209 610 35351274
178 189 17643909
886 905 41664253
424 770 15651934
963 981 12236348
814 898 20650757
475 754 13003273
82 669 22834955
901 968 46892317
517 880 32942098
98 223 17866700
111 426 33713842
43 276 11680394
93 706 41404571
149 285 27296303
892 981 39196411
97 150 41753847
420 852 12427170
682 976 9286989
529 931 30248676
547 696 23684425
385 518 35338942
594 661 37130615
723 785 45322557
26 336 18032090
314 662 36474012
620 688 26637616
10 225 38476460
30 468 30419192
946 976 38602105
128 137 29051698
351 878 42894123
706 893 36220006
42 344 40953642
300 314 39624679
587 964 7186694
474 619 20176857
697 945 28384789
611 746 13614321
680 735 32453470
2 65 40594940
775 954 36006197
974 981 40786467
251 778 21929384
385 538 16143853
653 929 39242394
597 765 3893253
841 875 39104046
784 803 30049214
656 957 3260775
325 472 47549396
294 459 2136589
700 714 16202741
354 577 41441874
804 933 7899775
619 963 31316149
15 683 29477772
9 760 43219111
587 976 47324716
71 166 19764332
246 413 23959281
196 878 12251077
764 908 2321841
14 83 20597580
648 759 15608711
392 744 46348319
30 162 42113691
155 447 4389184
31 211 9933603
183 804 49384124
942 984 29612842
277 695 3975691
937 938 7001744
235 968 19271864
268 491 1055059
113 411 6457026
536 957 18779916
195 528 30966849
351 738 45473597
118 415 42573644
541 821 18817097
199 263 24342043
650 916 2677700
117 232 49863273
411 909 33026797
159 438 26564124
145 384 37461497
871 953 27703208
142 289 28973843
355 370 32351281
211 453 6026144
292 361 47849072
322 342 25329735
815 873 23305303
393 775 1115953
704 871 4310008
669 875 1726221
59 73 40715299
542 898 29236824
836 958 34421582
769 947 26981979
303 483 23169594
929 937 8305397
159 211 18586580
889 894 34850714
466 791 23799130
33 47 13081756
354 685 48762686
307 697 25494825
226 546 14111567
759 925 7389462
907 919 15061142
989 996 7324634
121 805 1001982
361 823 20835806
712 754 45423801
504 662 14268276
807 934 43768542
849 876 17955236
388 810 34112343
967 977 47509295
282 573 13308666
354 515 14500430
771 863 28963958
251 813 34942011
349 378 11549425
598 797 1713394
358 496 4287471
247 425 12185017
462 672 15214582
93 149 20765406
482 638 35173488
66 345 3488064
21 615 44956752
795 804 10209552
1 66 44456696
665 812 49767129
408 716 24986202
126 256 4486846
533 631 47166814
639 815 2692868
234 249 20646660
429 741 36880208
581 620 11458891
519 756 2787889
424 758 45360593
634 824 16333024
902 971 21344059
312 708 10536903
190 215 35357783
398 494 28145601
897 984 13448704
511 575 29120289
465 995 8707651
236 401 42487797
580 637 29807552
814 879 37709580
951 974 3491538
566 641 41055413
191 464 17476722
305 850 49034058
623 744 2926168
40 154 20546797
44 858 10229092
552 894 34861714
51 647 1815613
280 494 8955582
97 113 15287352
825 847 37939853
20 27 16376699
41 752 39745146
952 984 39491810
881 995 6214747
281 347 45523873
34 672 39199659
475 894 20899115
652 916 28248588
395 636 6425171
823 962 14173324
261 690 49619121
603 736 35686184
43 331 6878280
194 858 10237583
814 867 17857253
337 678 30922920
956 993 28084682
109 394 25357525
179 438 6580364
958 994 34207738
348 1000 12690874
709 898 47872185
545 888 6584639
7 15 3693184
604 976 47559178
683 832 48352326
312 610 49896044
167 352 5818129
400 917 17703489
349 514 38770108
387 408 25474514
721 970 24994167
487 970 49659770
973 977 48960527
283 626 23992584
73 469 28755696
423 544 46938725
628 707 9103592
297 586 24532343
157 169 43504685
904 918 48832068
222 449 23567778
713 881 39098587
924 938 19133142
829 873 730992
602 858 19286733
624 863 10112070
674 723 20695172
311 725 41507026
469 987 32948143
166 569 26079261
145 728 33059013
277 300 41946474
288 711 9039422
741 782 16107161
167 712 4371228
652 775 5935435
740 746 10644008
964 992 31500359
60 747 11767166
466 1000 27108508
404 720 23217867
889 919 6268680
8 199 25926230
504 557 15928217
1 4 20349629
1 298 12233362
193 350 49963777
52 969 19908496
79 275 30620357
352 806 37814509
321 408 21499603
568 965 45395941
544 630 22036704
246 415 9130103
589 735 24665745
877 914 19880462
888 982 21174334
540 796 39907297
817 841 5684213
642 856 34769304
504 640 24403522
505 650 44504752
77 625 10998573
269 277 4784800
613 914 27127429
532 612 8718397
2 19 42422492
152 302 19313243
21 151 48222035
729 956 42866101
198 856 34874904
798 980 4053519
481 742 49107372
810 962 2065817
23 26 13746666
563 973 16805655
77 287 31467205
65 908 28727231
425 658 36243281
29 238 22628706
139 803 22247557
10 58 39347023
906 930 45773119
627 730 8236789
414 696 21373064
107 403 44919751
385 838 26733849
869 946 32953061
595 598 18505119
651 958 22598904
500 502 6118844
855 933 30422365
668 965 21980238
77 887 31071751
326 410 3005427
602 762 27713950
41 117 38979149
742 884 5205228
46 762 46186882
105 718 20772602
818 932 43937671
69 535 13802870
908 924 20616735
29 39 35608536
462 704 37519774
926 984 20309062
522 880 1066355
309 507 19610292
596 692 23079013
860 944 35071183
295 414 19725853
487 646 116636
43 850 18079077
41 176 20811228
439 558 39334191
185 590 15103668
121 416 43998937
174 635 42073354
296 399 17899951
324 771 19269810
96 438 5902130
74 205 31590090
146 541 26664344
283 456 35453538
272 821 8596755
3 584 13271777
247 771 7105750
768 797 48034979
227 445 47099350
316 667 41918055
10 236 30727757
657 677 3957097
617 809 41107461
338 343 8458443
450 683 3642323
819 902 43181753
614 745 25165281
6 367 5427149
380 868 15895857
102 826 2289456
674 754 49030751
99 294 5778307
883 911 16848551
12 37 34276861
187 527 10288806
15 733 37066709
60 78 35722597
217 257 25698530
670 960 27965459
963 988 33182337
493 900 22581138
916 972 21133367
597 889 12228278
241 861 32171287
270 749 37680585
377 463 48835686
53 254 32833362
761 995 36643454
391 547 10598294
299 958 44837872
305 933 14720224
126 327 16000237
511 963 26868606
687 785 49495911
10 12 43775372
60 406 27802355
66 75 3136117
57 574 40101362
484 690 33157814
861 958 14863216
511 802 44522341
197 616 29612236
207 805 47539058
408 794 26154649
21 631 7193902
279 424 46450373
747 844 9228809
109 542 27343992
851 878 34107168
912 962 41479487
76 98 48243831
597 807 40209002
69 751 7114498
36 209 41606579
243 293 27041131
491 840 47778464
274 277 19959951
7 173 3683242
605 616 1252042
609 717 31063582
58 152 11574772
334 803 31583556
502 821 41764651
681 735 11220287
116 165 23414611
621 998 1065396
891 989 47774300
530 892 12240558
167 962 3780547
412 604 21582913
78 966 24498524
805 938 16787822
400 656 36214606
725 837 5784135
184 506 22416863
355 921 47004243
15 24 9748082
858 934 44701620
616 681 7072973
690 859 22728071
330 621 18093216
231 875 24632076
956 992 42917955
712 851 22002951
707 739 22142528
594 691 25508454
207 426 31752721
267 303 43800355
894 922 43927851
534 597 22678124
137 814 9949499
852 961 13394562
218 279 21206831
505 900 8620255
791 935 43915640
181 821 3430555
310 390 24931086
326 401 15552912
173 252 7148213
677 782 39066301
759 822 24760064
83 180 921832
211 242 46592275
498 988 18644103
148 242 29776172
989 997 19348833
228 562 38204517
45 84 29793009
45 49 27835443
248 616 47920779
936 958 37915187
410 624 12449474
65 342 34365990
380 613 421768
406 846 34377145
552 947 24268311
110 644 7744139
6 311 25934608
870 905 15953385
78 274 46090978
197 340 14151260
482 616 39000302
438 753 20618725
761 889 39738601
649 991 40004231
954 966 15634305
789 953 21194374
47 106 24014275
77 279 46579695
655 930 10343868
84 957 15213656
209 530 24878174
238 342 24498921
280 525 2042662
545 713 33600155
250 977 41118972
946 982 799552
516 638 737243
846 863 22391236
985 989 49230641
17 18 30376626
476 819 40430473
544 850 46445689
116 127 1302247
711 942 19014385
771 772 4743155
922 946 10705305
105 123 29498202
710 817 14561827
876 878 8896754
571 732 37313330
415 653 14973597
140 964 27215458
597 730 1622639
776 919 2967177
138 537 3183507
426 650 2814908
901 995 29297642
411 725 12992917
131 841 22500086
103 251 16536500
667 740 18616567
194 275 28530948
612 626 44453075
513 595 24697919
736 794 33273659
309 927 35410613
356 981 15397388
945 975 38022729
683 950 14685683
320 488 42033724
93 310 14168405
435 908 20794286
639 930 41088110
10 589 14274785
137 517 31033272
79 184 42465473
911 946 39119886
74 136 46840865
744 888 36011409
541 823 8932680
871 974 6297803
410 730 9131948
189 480 28884114
948 954 37785725
60 242 41175983
568 691 16171493
165 470 33638848
226 457 7697807
148 625 13038427
21 607 19299686
391 907 9078516
271 420 2512287
4 22 7756417
282 512 14191225
268 463 38164187
287 930 7523139
339 417 18572136
795 813 10057631
687 954 35908087
627 959 14521863
93 104 12981611
712 911 22203149
69 124 1799580
602 613 17976295
418 558 8023674
785 927 12350890
427 543 30243956
47 334 40808150
27 938 15671960
592 978 28351379
325 424 42875
208 923 41564730
638 711 34116699
587 681 12755735
121 736 662147
861 989 39865454
355 471 9084015
473 738 6295611
249 988 385073
534 724 42082750
262 766 43463059
286 589 3248567
60 985 6987262
672 919 6424943
635 975 34618010
104 528 4980215
714 934 9562935
974 989 18384436
967 991 21266284
942 947 33556764
438 605 33868797
223 752 18969402
674 755 12910466
697 744 29890680
57 133 47331910
327 985 1570717
594 799 12512622
973 975 22218773
39 193 40615643
666 703 10727665
503 622 9697617
6 50 32691630
274 591 43587672
905 909 2471354
650 852 47932642
723 739 37840564
217 642 6227247
162 642 40669043
732 946 36075886
863 992 32450635
308 779 30815397
424 755 3963147
208 651 10290642
37 648 43668042
817 872 158675
324 992 19792612
112 261 16685059
273 969 17956287
396 766 46506150
936 950 15771603
82 137 36538887
276 428 13941993
491 974 29900895
212 241 3379874
345 585 16063097
952 971 42651068
189 360 25344020
400 635 14207249
202 278 36492297
443 747 38634208
100 564 40815277
905 969 12021968
307 559 7124217
281 810 19138226
898 958 25429864
16 208 42327815
344 886 37630241
476 545 15732930
5 32 32128086
307 951 10425295
574 903 44735212
351 397 40700499
24 895 46792156
384 741 30768822
687 793 40160345
898 954 1175647
637 852 35572275
341 592 47016766
900 959 10713851
570 744 9745296
981 993 28737896
167 288 21287134
827 879 27685369
58 366 24843591
10 17 5254876
112 791 27552896
242 710 39790479
749 794 24959129
480 681 23625541
582 749 11824898
610 813 24947211
459 953 19400141
573 944 46233259
268 723 17700021
792 976 9377104
8 630 12629600
895 978 41306348
732 779 27536737
137 159 11206743
965 1000 38506753
691 785 30542393
54 221 3897791
573 948 20856617
942 980 16480021
316 677 25675798
738 809 20493181
308 934 20209382
228 860 28243380
288 793 49676766
321 694 27000894
29 454 36769986
547 851 47340074
420 791 17987901
367 767 17162647
291 537 42437634
358 945 26746359
860 928 30552116
958 976 19695635
710 799 35814532
854 919 30660560
109 573 37980569
221 320 34569776
988 993 36105652
561 716 9206811
937 940 11729172
871 872 11301600
259 267 28674583
800 852 1282423
221 295 33955
238 779 32384137
678 971 32321348
276 875 8865073
5 407 14277014
139 201 41282565
308 927 34507366
189 259 29529424
178 340 36812308
3 325 10533282
453 883 29658811
672 722 14328843
528 978 39484436
377 719 14277539
551 613 49126168
176 361 37300941
709 841 20160101
632 781 48840765
611 612 41541987
220 304 19473208
150 326 10817703
135 263 15996955
203 950 18838808
365 377 48004767
462 603 8649552
455 486 14540763
356 373 14952133
150 944 15922699
141 609 29017128
265 803 39479183
106 183 14056717
132 879 9969591
789 922 47349581
13 118 49530813
617 943 32680360
405 590 42525331
845 908 9317039
361 539 3535839
728 859 45191138
592 926 15250757
578 681 10078485
971 996 22657124
878 934 5645848
502 768 33129507
71 135 15153046
512 619 233773
539 937 17716926
190 575 23009978
232 567 46951457
113 319 24745745
119 217 22763099
145 334 11058122
788 972 42898422
755 926 18340313
17 964 19392523
983 984 30804680
32 579 34018474
415 611 18207684
552 851 19714940
551 648 7947099
129 947 440359
88 944 14612612
890 945 3836146
579 772 24291424
542 702 42004522
304 633 3328319
470 846 28426564
667 923 47256038
874 897 4694723
649 670 34693776
53 517 1782493
600 760 43449778
541 822 38562137
302 620 44327299
648 814 24776891
824 856 26619324
410 589 49985827
330 880 36853020
101 102 23171443
525 668 34736560
350 493 1847856
368 910 16512849
505 861 46945579
764 978 25065838
760 815 31753824
410 764 12914572
689 921 2244766
254 923 19826058
150 990 49295080
998 999 1378474
364 915 45378588
928 955 19439437
948 979 43971154
963 997 30870782
483 521 23376647
95 237 19219122
519 701 6026619
8 653 33921102
304 403 25073623
137 945 36323818
864 939 23813267
523 534 41905237
123 340 11268759
402 497 49528537
859 986 28365472
621 677 23504448
356 422 26803814
340 382 18462998
84 112 27849596
662 670 41780529
82 295 9198839
418 580 15764463
281 404 49029842
690 952 30115519
438 939 14173841
270 281 22013923
67 808 48103589
486 629 25377780
581 593 45277328
504 854 16365478
239 501 29123529
42 452 30588493
518 890 23814882
887 975 45024416
809 868 11985512
426 784 600765
386 764 8507275
32 143 32771054
171 408 45650814
254 958 18177067
340 590 15022497
69 153 41107936
39 196 32028638
152 264 19271920
360 697 46266320
702 755 29518201
907 910 20092715
126 481 23843802
392 681 38267480
685 834 21925490
816 880 21982047
404 620 43257899
533 745 6329994
511 732 48944951
396 503 18208712
880 961 13479962
222 784 9099855
237 484 25499881
319 904 23099909
117 923 18144209
322 704 13324833
237 803 37381338
816 936 11162381
257 277 11612909
32 74 26397583
527 912 16312341
664 796 22390185
521 756 44229634
574 633 10817214
716 811 13627475
285 547 32904949
322 444 19949717
693 934 27495907
708 782 3715078
78 195 28969444
448 963 47618975
682 871 42504265
32 168 16337234
47 289 22395193
105 325 40887953
680 834 22727121
104 866 15704207
765 778 42639246
947 999 6479562
465 763 10823149
787 992 25143753
874 943 21048656
217 689 48805026
314 720 29389988
48 67 46008512
362 923 1171521
132 768 43130083
983 987 34301841
300 731 34301288
321 666 43830389
378 621 37179723
352 716 11256676
178 590 27993450
228 859 3786582
609 838 21555340
151 630 42360928
192 231 23614113
252 720 26605856
111 228 42365132
236 672 28603867
859 935 524574
558 627 3766245
979 992 47306277
380 476 43824449
620 857 32242213
682 863 25778826
132 179 38292133
43 741 6723601
698 922 10383917
14 60 13091656
78 202 35879759
94 814 758367
278 625 822884
692 741 11068332
433 768 31435032
634 900 12114256
345 778 7137321
172 488 16019736
648 672 12749675
253 387 25559329
629 974 47760016
136 438 38593472
358 653 36871462
102 942 23442208
721 990 37936225
233 301 45437997
843 960 5586843
268 633 28469425
12 157 13927577
221 671 48650301
492 553 49244048
440 652 23892811
586 812 26126695
570 871 6080417
85 122 49257279
529 810 12279673
302 794 36409777
924 933 12767838
335 696 37791574
378 421 3783385
560 698 34858637
739 966 17140557
188 432 46685688
531 659 46102944
149 665 19364424
636 843 28640923
31 41 43667131
214 566 31229972
315 439 16920290
143 925 9589706
802 818 26402856
222 455 38753680
128 129 29152400
104 297 20063022
669 744 3416126
866 913 44793220
903 925 17089081
93 132 4622064
880 910 6089327
43 62 5037298
514 604 20168186
941 992 31695246
742 783 17519905
990 991 5763698
939 944 9417122
194 283 24911449
645 709 21184431
63 151 17937199
120 257 24871094
83 171 23802614
116 148 3107045
819 875 16672744
210 276 25938542
56 164 1896542
112 689 17040647
32 301 3645936
187 206 37295925
250 539 1059678
605 980 33361995
747 943 21258031
558 823 1438509
544 623 15549975
613 734 46536666
443 989 14879390
150 821 45436842
40 43 25963135
188 883 16363476
777 971 20425294
656 715 20738610
860 905 44343902
117 318 19813577
352 863 23555426
231 407 40950660
457 873 21379282
310 869 37304384
611 961 3439249
14 733 39953421
179 621 36277196
954 994 46560307
681 758 46591653
162 832 33060980
862 882 41341841
238 315 5973777
101 332 8950910
193 292 9935760
33 781 30000954
291 386 38430011
888 917 17129232
365 367 21708524
338 986 16148660
476 523 32751240
358 970 29930337
40 207 18627658
773 979 28329280
569 748 25034562
10 105 31949324
381 415 24168093
396 927 28388852
364 921 18441510
12 90 34726592
960 994 19898765
148 195 45688504
770 855 6557543
894 937 19951169
496 926 40649847
183 458 26519242
397 479 9207212
471 530 33029478
310 877 49147626
405 557 26726330
168 536 19421070
636 700 18244762
878 896 4428716
295 346 32149615
888 967 33788826
34 71 30933340
175 552 26176819
744 948 45982497
62 344 15255253
72 826 17116479
39 108 29162540
26 42 3717469
112 436 37211955
383 450 20607850
275 686 18474487
271 660 29112580
246 314 24376351
123 461 4699800
219 738 29886505
723 979 15129803
786 832 15556470
299 467 6456217
381 515 22306953
744 897 24144572
183 531 12973708
886 956 45715408
340 493 41655059
271 345 42852020
96 355 23307301
536 668 26306227
182 575 29040889
349 360 24629220
374 783 20657405
782 795 18756686
168 942 732828
331 586 26168272
793 1000 10836545
775 874 48564545
550 798 24715671
883 914 12449747
100 525 36550932
640 761 47349565
363 822 2974517
231 829 27946649
401 849 5201163
897 995 14633226
506 619 35074550
219 548 38619555
5 962 20121777
595 886 13594500
70 565 40114062
457 606 34440902
426 826 24079875
390 720 43842458
296 701 46493542
488 633 34473388
349 353 25150965
569 672 13033678
352 612 8341145
348 539 5485394
978 982 30312684
841 904 49412279
991 997 32369016
377 539 40374665
866 959 44338242
367 990 44420098
328 500 41713543
905 978 19001973
664 979 21997637
222 662 35967341
503 868 44977149
71 311 26513297
612 675 6652983
380 392 38392138
47 76 49672008
181 916 39772968
371 870 5903312
566 861 49142018
630 947 15865478
501 613 38035165
122 834 48525240
690 844 47177103
714 866 19423885
475 480 24111781
398 399 49885198
687 710 18095233
704 857 327012
501 687 42261960
842 939 39840099
914 929 20880507
621 787 13097416
719 867 33799779
290 987 46494911
602 916 31603123
248 548 1074857
650 894 2365801
393 771 47612443
919 967 4771445
951 971 36481962
393 563 37978397
206 958 41589222
52 56 35377184
609 954 13207844
41 451 22007193
84 794 17079553
950 976 10178727
863 866 10087971
212 265 5827787
416 623 259010
189 769 21800593
638 828 23848423
1 230 45464435
745 822 11437428
416 736 33329402
651 677 47821541
812 939 8786598
560 914 9442261
469 618 34926480
357 394 4657476
230 656 49787982
830 833 40580887
300 354 7732375
405 709 20233184
566 902 12902951
110 682 48820192
472 775 41505125
510 952 40410571
765 841 20860356
439 680 48323530
93 629 22361575
457 955 31134790
676 908 2443528
781 854 30684644
80 328 44625946
994 1000 18734284
866 978 48492845
82 876 19781295
232 464 43338515
501 886 17073672
213 453 27211713
426 821 31128994
210 492 43420791
899 907 30071770
237 409 20932388
449 717 21370918
45 522 13209732
877 915 13490902
290 395 23673099
13 262 34784410
19 52 41837062
954 958 17386181
373 608 1216384
750 879 283984
205 431 22498274
682 930 25945122
506 914 36015455
291 351 24785550
13 23 5857423
235 276 16159134
793 981 24392538
511 925 29780239
59 641 4243352
359 465 37299484
58 758 42274166
400 423 13633792
396 475 5949084
726 862 35417782
345 456 13611661
707 713 8661635
619 833 31547854
235 540 13880118
35 264 17974218
867 973 9519407
191 975 37992693
190 823 45053086
583 963 6318640
346 381 3852685
5 956 40892525
614 953 44150561
352 643 43284371
397 576 16221596
199 767 20764324
380 400 30687015
120 827 25214109
69 120 28812879
276 989 29912861
280 759 20833485
977 980 14404938
371 456 27582602
713 952 19577328
151 570 33474402
171 590 25670892
52 182 9858856
604 629 49258569
310 994 22298219
519 782 558120
375 581 25284600
223 489 19694821
67 442 28843040
459 819 16925047
791 940 33253180
524 562 5370392
237 338 7133166
240 860 7924903
47 488 28356521
943 954 40004426
592 933 18680819
50 181 9099095
720 924 21428073
161 994 31245173
82 431 6693380
63 136 29250174
190 799 9496220
203 844 40500136
3 118 28621098
58 149 10978917
516 718 49143762
34 733 26434311
382 549 27320353
688 766 43808296
54 664 21097619
489 902 11920329
248 335 8204888
585 692 48229689
4 30 45708247
295 534 40652729
5 13 23983860
289 922 33463133
448 857 16179598
532 688 49356853
964 978 49064012
98 529 42267053
688 764 37361050
353 356 11064370
810 817 37633006
797 888 34986134
859 994 22322768
19 111 49737014
252 430 8890649
290 964 49927898
993 999 49689595
87 361 35891292
296 521 26256065
291 372 32374541
217 255 7401816
830 831 35432660
633 913 5944207
261 638 13337624
195 478 44816411
853 988 3022688
52 765 33456862
305 411 6849721
959 992 32165737
332 828 48930905
142 366 45438911
175 678 33584769
293 785 31331803
55 121 1009448
287 448 35936757
294 482 34011477
55 488 47523202
381 394 21476045
894 921 35439994
132 743 39231854
378 612 49325149
29 147 26709851
37 38 11907192
317 887 26320089
639 897 36795237
727 787 28002297
340 470 39312849
49 107 9990008
550 554 24826113
12 282 22181859
265 276 19764247
459 826 11574270
685 953 39488146
44 839 26902887
455 533 20459285
437 856 24004343
691 710 38741481
55 286 32394345
459 816 14181444
133 383 49102270
486 980 27156812
479 559 9962847
636 694 11057751
881 954 5139333
176 428 47718517
174 823 39897942
811 842 43526192
41 101 5887313
607 677 17276050
186 572 25804267
14 46 14283112
268 290 15493626
566 817 34208838
294 346 22241363
777 965 25788619
824 875 22398255
558 817 4005542
120 750 46142932
326 570 46690393
441 926 33746929
640 754 24979261
214 244 17998665
752 825 14805447
872 877 17784467
856 930 24708617
212 853 44233505
495 735 40598396
352 702 21580481
894 999 40749692
557 828 26702049
499 783 5094420
923 932 5804790
191 379 4229756
451 900 13609758
24 88 33924320
15 86 25732995
306 416 15097187
229 342 27319939
964 979 42783332
222 908 18371087
404 860 36577024
871 931 12722513
627 875 22403544
864 877 44191762
208 253 20384788
141 441 4480730
511 927 7063080
741 881 415577
168 905 21879893
257 719 41327237
302 750 28395379
221 676 2383621
261 366 36370671
44 478 14434510
411 476 2145424
840 949 38696460
91 182 16387582
532 659 11281859
455 932 488196
829 856 47812918
802 815 21300885
159 793 37502216
177 520 31068685
827 980 22530337
409 435 32205242
265 846 12868947
323 437 32403483
254 632 23834429
293 774 14391271
287 498 25361008
243 501 16659409
221 812 1372369
255 540 29743243
402 895 21949887
231 328 38662537
26 204 11938805
732 734 49076231
563 706 40944433
66 460 49112653
854 911 843542
172 807 46358962
13 422 37479758
39 227 44912607
833 887 12779637
710 910 34592853
112 920 36920370
619 804 33113522
110 890 20212647
680 978 7253039
187 247 7436172
208 302 44851694
67 77 31237526
400 621 42774899
554 761 26914846
251 931 30188144
264 592 31903103
819 932 9209413
57 384 26366784
566 727 35358151
51 72 9668595
185 553 39636928
818 853 27863004
709 829 13669176
575 932 47946198
199 526 7946355
583 760 6285427
40 61 23644859
257 937 15583203
994 998 48688608
748 901 38355991
639 970 10981244
962 977 24684453
498 909 49078011
221 398 45346799
704 951 19806811
21 530 19960064
525 558 32092849
444 684 28934326
82 318 22184557
741 875 2475174
146 877 3145694
896 922 6455484
216 998 28942713
166 467 13601186
188 499 25533270
292 660 43947235
576 831 1165819
939 954 29627217
102 477 1612125
503 823 33391524
717 807 8571300
633 672 35511523
48 271 21790383
736 920 46747656
670 959 16698328
30 163 14260319
93 860 45372409
775 945 26772015
196 262 6146223
68 100 15348252
92 503 36768861
916 962 40555596
545 943 7178100
27 327 12213193
908 975 12235890
721 907 12693030
556 778 11079209
674 687 18288102
362 594 4561474
278 355 42231065
555 871 49429633
115 673 31451976
197 270 46826315
252 459 14084499
615 640 613
324 466 23472537
997 1000 29439486
548 984 27043096
904 976 5827440
254 281 712149
749 885 10088643
802 856 26311359
146 751 7262322
942 978 40362703
303 490 31080434
258 393 2213298
570 601 21778033
361 596 17177130
346 954 3258588
789 941 12401330
973 983 49267747
501 563 8279009
525 803 39140544
507 849 4332304
898 976 20554486
423 753 40854079
712 761 7566166
43 93 363061
969 993 44909192
6 525 15206887
433 717 14413000
314 835 17870619
216 452 29356335
652 842 47317965
232 561 17779124
75 904 25274962
351 701 39570162
226 246 26340283
760 861 3727916
133 883 25209724
937 995 45336846
928 964 40960334
325 924 877749
367 445 34349009
992 994 47246962
47 161 47658102
23 624 24754251
923 972 29956252
34 79 38117699
87 189 12766073
100 956 3307356
938 962 26765372
407 816 3063385
893 979 28242288
620 763 47125192
819 915 47071524
747 753 44459712
382 959 881993
117 381 43427560
806 959 5957723
881 948 5490616
414 625 31436100
705 940 13498116
156 538 33702013
870 992 13261238
75 500 45910006
757 864 32539483
835 934 48189624
30 85 16148961
499 800 27064009
554 893 29356446
6 855 26759759
130 431 5228821
167 426 9188601
279 540 24720245
138 512 23680027
856 954 33679075
902 930 22786456
89 795 44266105
718 881 142085
370 957 37908367
200 673 17824011
347 862 9239481
100 477 46437773
814 873 30667024
353 614 1090443
442 918 41513526
60 97 25693383
536 616 9130388
410 508 43364774
338 513 15295462
318 808 42870744
351 978 40130042
106 233 21869755
226 553 38038452
283 639 4625405
117 376 41877334
889 909 41210370
979 990 23206270
452 865 4169477
54 429 40089073
470 569 17325057
867 999 31883158
365 587 7089746
501 588 34281926
45 464 24777367
28 155 45469635
144 370 49752540
900 986 32308869
2517 30620867
1862 18766584
318 41227335
983 7969712
395 43846552
739 10640262
1258 49259361
1165 23242900
2555 24655928
2213 2947387
2544 1546784
2184 2927684
1437 42677714
946 3445319
188 21304637
231 30208972
2721 26473419
1266 47210417
1949 8591462
141 45659468
1243 1386555
1241 24796240
26 2711997
2813 46072181
713 2920813
510 32834643
1236 31636569
1304 48559887
742 37967331
78 15473850
1233 21523652
302 2634742
1790 11659345
617 40873947
438 35546236
616 49304473
955 9690525
699 3965534
2812 26058611
183 8915322
1293 45998565
798 49573569
1056 46636942
19 3462576
1618 8363385
2825 46463700
691 25042217
1028 10754024
1689 6021853
1228 29008062
1947 10192146
2581 36389472
2872 31062216
2118 34282102
89 18371081
2670 31040234
1636 45806248
1260 14886987
1431 27583943
939 9810671
2772 25196315
2637 28395613
2219 10886132
1852 40477673
1310 23519095
2626 32032929
2977 6468014
2530 23746792
2981 16953156
1518 43344097
448 14657929
168 33808143
2170 17215932
1402 34347194
2153 36483082
2084 11708564
1385 1296850
126 8161436
2579 43952299
2089 937027
2877 1162536
251 35640269
16 5736923
2839 35302011
379 44220695
859 23857383
609 9868282
1461 19218735
1665 16763819
2046 49892437
1349 247649
425 7903078
887 48839973
902 24248282
2193 20303704
1789 5840316
2934 20045815
982 40629515
724 49138718
2862 41943007
726 34033739
119 7377359
2369 27371621
522 36332307
464 166525
989 42310502
2255 48018643
2100 46423086
1405 373788
2686 1345375
2272 22005506
478 44567069
1292 7992173
1225 36485793
793 32655617
2018 45228893
2257 30319592
2421 40567139
701 5412433
534 41138563
1002 43546552
1583 12562355
819 21230184
95 3648949
2047 32626879
316 34315123
2901 12256178
346 37266350
1808 39456144
1541 28031319
2831 40722827
1261 46394045
2656 45026164
1673 37779433
1316 34593990
175 15495110
2035 19690470
116 45458566
836 44966057
299 34214208
1549 21442711
1822 1935070
1859 40223599
2749 3631414
1666 9363691
1640 35097719
1125 38876100
2964 3438407
1463 39314553
540 47118250
664 20197965
263 43090726
2788 21954574
2390 19626405
1680 25312285
2438 44714650
1454 36943531
1393 2959335
152 12368833
2904 15219455
878 35595779
204 18915271
1148 26366389
236 47746243
1273 18428030
2423 13151726
1722 22413932
1264 9674729
544 13969977
1997 26317272
856 4389837
2763 43773834
1113 45850115
2398 48962776
1331 18802608
2385 48230095
2810 3890146
1698 27080209
1376 35668325
2625 12729592
2516 10597644
1923 14264829
1754 34950061
2178 29347928
1784 6097390
1714 48246761
153 31580095
1430 18202967
1885 9162024
1403 13980535
1297 9346885
1416 28243311
1526 22906767
2779 24780059
2980 9426524
539 12340655
2574 12009514
2852 48950174
1546 11291288
1451 17976763
1175 5361589
36 30623518
875 16237821
1857 30582858
2614 36960929
896 15929997
1596 14924167
162 37866791
1421 48100754
2729 16084654
1660 47283875
2918 36530608
2041 44190048
2667 28390043
1639 38572212
1624 43586522
1907 39258774
1345 36378561
1221 48556175
451 21780267
1948 9799926
2915 35385441
255 26266495
450 6768830
888 5300340
174 20204305
2570 32631233
253 27081795
2432 46719030
595 26292538
266 37347721
1942 2422908
259 31949210
282 17194136
396 31218043
1925 10849602
627 2412592
671 18094397
1709 20140851
2194 18965246
666 14415932
2478 21391502
833 34828862
459 27804336
1286 5807541
957 10280772
211 35564191
445 42726635
1097 28031816
1926 13733100
1418 21552075
351 42549334
956 12454742
2159 24781031
2619 28123821
2752 13048749
350 20927602
2787 16653931
803 1821219
1344 34470590
2848 4232420
1564 34343808
838 47202943
333 14635117
1987 18704041
2679 7958660
943 39376647
1255 39989424
2680 7988080
342 5150120
2388 17892469
1452 27156244
1144 38139422
637 46750449
801 46329463
2192 47429814
1545 45373003
619 46385720
2838 17313072
297 20411851
94 15700291
916 44490922
582 9155893
2034 1951129
1459 27578503
2285 26497736
2988 40576913
405 27612283
614 49892425
2650 38805864
2623 9691714
1602 18960736
740 2916211
1359 28029106
1975 720442
2507 16700621
995 27386273
2890 35541284
2038 17679839
1480 7952471
1040 6423202
986 16162191
205 2182411
1512 8896297
1729 39109754
2460 11376408
1735 19215501
733 24562564
1135 49794915
147 33684407
2509 35835046
2382 33496762
587 32566344
1030 5945275
2466 32871820
2991 36990130
491 2608841
2146 21753285
1320 23556459
1019 41421160
2479 30444218
876 21802312
651 9599839
2475 49311338
2971 3122467
944 48964239
1945 44585467
430 31434076
1775 6708930
880 45580599
447 6173765
672 46379508
293 15918980
1523 27115697
1246 30225079
2321 47398142
984 212624
2136 18920770
834 1545920
1548 22663514
817 24127164
1322 32301826
1661 8742593
1446 23141369
598 22012053
1012 35887456
2446 48804369
2630 21656419
1974 47965020
1414 31201820
1078 5138553
1570 29906356
2093 42686852
1897 16578380
1015 20499000
102 33685147
2743 47057845
2995 25816152
2800 14854144
1983 23406298
1326 44755916
625 23184382
2222 5533688
1525 47835337
2259 15502168
1220 24461006
2802 19798456
2492 41503570
2270 46286494
2870 14987695
872 4328528
2472 18306294
2056 2761878
2965 15573976
2922 38084673
2227 48782151
129 40532204
1569 40385240
1868 28523266
1891 40569196
2026 11019137
1696 36126607
354 47868541
914 36677024
1854 48546023
310 8276275
190 21938959
1247 43357619
2949 18783464
2418 24008012
509 8244491
543 17981063
1612 16432895
1388 37831351
695 5805752
249 15153429
2985 47181149
2152 10506919
467 1727695
320 48199910
2900 7635174
578 3228575
2344 2011518
1027 24984602
1168 14429234
79 17433210
2562 15182823
1850 1579108
1840 5185165
2405 4844643
2952 30485537
1931 17554699
868 4739574
2603 30825309
2083 1015222
118 37098603
2163 28158371
993 21605693
885 6713251
1025 10266098
2552 36796924
1492 48399402
1436 8361820
2017 24729252
743 33598364
704 48272804
2408 33956165
245 17025688
979 13593428
2157 47961978
25 22663610
864 16394488
378 9097127
2030 26665683
404 5602696
1651 19337605
2275 22295887
2296 11018918
2340 18344178
482 14579472
1094 22596790
954 35235138
2363 26359213
1305 13523074
1889 305789
1752 22839367
1599 3382116
771 48522069
628 45965945
973 17999786
2058 4306101
765 29427865
1635 8933937
2155 14446261
1280 38084017
1801 21465456
2660 18641634
1329 26536580
2386 3740128
1782 6482194
2128 9362043
1155 12844041
1748 37238715
1643 3041866
1576 31107234
1064 15241354
1587 39484720
105 41018871
422 2641197
506 32910878
96 15213986
2020 5299724
1003 12309033
1520 19511859
2175 22084966
2067 26140688
549 8169814
1089 32790155
1065 4303559
1795 48861983
2589 29621800
1163 48295354
387 7543811
9 9005671
1556 6077384
1765 3299114
2807 7241804
1617 20342443
778 12162961
185 5214103
2543 18382024
2235 2116548
1229 10833556
1473 41603476
1536 15714577
189 33242011
1655 48372885
2548 38268804
2880 14763702
968 40409392
1616 18566284
345 3797665
1450 31517496
2673 4237975
2021 2107684
1924 11127928
324 39363597
1470 18702965
1086 1896383
1726 39444587
2066 42484768
139 29178375
931 43502448
1275 47732910
2753 22201551
2378 44082332
1217 9870336
2377 27799243
1562 38844140
1637 20367510
1830 36584426
1099 6136606
761 41669821
2786 33249773
565 36340062
2863 12774489
2198 39080189
1382 37789611
2106 17652674
1707 25624833
697 3207640
1069 7228273
1916 46383276
1580 33804271
708 11158130
1213 7718001
202 37825642
2724 47940177
2164 36619361
1201 36425458
110 42035834
2013 15842086
866 43518254
1927 14869455
1340 41519122
870 14698437
2830 14716376
2610 42755064
2993 14970265
1445 19162711
1631 16398034
1798 33660656
2987 3666220
1105 11961048
1861 24246016
10 42151757
2910 14810010
686 39163930
1227 1306173
1867 41784635
4 34912232
2733 20397250
2884 44729944
2609 18081913
550 49193294
2534 46266697
2896 29861138
192 20012506
1999 49765048
1646 9823740
1687 35553058
1633 42603590
1758 25927494
2553 40815100
1287 43691185
2169 49478838
2888 38113868
766 36916031
108 40994527
636 106684
14 29245651
2279 42779918
1084 36588732
663 11745529
535 14703255
62 44649733
142 32480463
1980 8176292
1699 38284551
2431 44142230
2154 9541395
394 2181642
2191 11811783
52 2430086
1250 34807669
1535 36431240
514 29533873
2144 1309934
1469 5304535
1955 34797843
329 31307984
1332 34602683
2881 15748880
1678 34969265
2951 40281571
348 11210414
1468 44788714
915 34728445
2897 37132384
269 38964317
1391 17407522
1600 24267175
2096 21095791
2356 3510448
480 11828844
1151 40582257
2817 5230315
1051 36761317
1747 17048428
1986 47400627
145 35692132
545 43065357
339 31629374
2117 41597016
898 41898912
1303 38585741
1192 10936175
2941 38915423
2669 24313493
1705 22269982
1692 15729922
1119 32703195
2902 36400112
796 49537485
940 1522284
409 48108915
2576 6244754
2982 8311291
602 9356184
1438 11645539
2049 26824078
2942 32374750
882 49861603
1408 33995641
197 938284
265 16843006
1336 36254497
2258 45403544
1133 120296
591 10225337
1462 17963287
1744 41629369
2705 49073908
2633 35627456
2704 24718975
2367 43309029
1825 36833842
660 37548311
499 47301511
2133 15220796
1756 35971387
200 16689945
2051 26298961
1803 9921266
1990 10939867
1797 44968562
173 24973813
30 32106957
681 10494482
365 124451
1777 36727931
2587 8177448
2744 37292820
2287 15435010
2328 31084769
2861 40069490
1047 10947018
59 37604407
1411 22179995
1771 38296623
311 11264463
1120 47633216
640 12191246
130 30681590
309 7325556
496 37118957
2336 9104532
2634 6159474
2601 40131389
435 39823717
907 5108092
2469 41920993
2387 1514337
428 10454944
46 41445894
500 20790296
734 35196622
2343 24512874
835 5287915
1041 47906301
2172 501155
1985 20547814
2103 41801811
781 15384204
66 6689716
2865 49676553
1415 14335837
1759 8665939
224 8892169
1788 31250587
2450 13807003
1606 20850677
1277 13568479
2696 20947258
1327 13520275
1103 46329130
790 26328358
1214 44684886
2615 15709503
2239 13393854
1182 13484545
596 25321526
1384 8607502
1088 6284302
1423 49672521
112 11140849
2958 26397921
520 9019406
1509 26294283
2841 25994486
2190 3470734
2074 16849605
2442 12909445
845 13846277
930 47785056
2409 34856655
2907 12635053
2012 35936179
2361 44891926
2846 26722267
1465 15820458
1614 26382954
167 23482592
1584 5218474
98 45083480
1014 38951527
2430 48883813
2080 4747542
2335 37428809
2954 49972155
2009 38570047
455 37595785
2062 26633535
492 13354954
1230 42680445
399 37400705
2564 17256115
1407 42050894
1447 35556512
2672 31430419
2354 40727632
1049 2964821
2745 12317471
123 2330597
1892 45091449
51 11335871
38 19608291
2392 34011314
1681 22152767
936 9487169
1727 26077387
2313 36772170
2565 36985708
2454 14715621
2820 47892010
2702 14149135
2396 28264315
1802 47448456
2793 8360772
951 35159545
285 30217245
1491 26318426
2707 8544085
1180 12076307
93 38754997
2573 10091745
2011 31644041
144 22538492
2094 30642781
2381 13375607
2435 34181637
441 31765223
2306 21845984
1126 43247943
1399 40350685
2566 2015643
837 7564733
1930 33539668
416 30380443
2391 14439028
527 36539434
2401 44875378
2300 620223
2282 47011168
2005 19627279
2291 24817227
151 46833209
919 12279011
1381 27387527
1053 28898395
2930 18851824
1991 29900563
163 36072930
2337 12887029
2691 19766079
1444 33128093
193 45880102
412 6070588
1770 36604403
1044 38205758
2789 2933641
2563 48385450
1937 449359
327 14329290
5 49951480
2376 26653453
1209 35496584
2798 425641
65 47635859
2944 35581060
88 45064904
978 17232597
1528 20237103
2629 3632262
1586 24295599
338 28649182
2796 45289939
2324 24725596
2515 40733262
1992 48615398
1279 14973500
1914 5296419
1052 17919530
1884 44549797
2329 44586201
2844 35531979
471 5610303
2286 12803941
811 33443663
2709 33750170
1110 31911418
2500 24154375
1895 36666230
1001 7205417
2568 25746750
2195 1573501
1072 18393434
1085 17329125
2727 3695840
847 21583438
1542 25855163
1717 38015888
431 36803371
2477 20339349
1601 3447949
2758 34078270
657 13638877
1627 37463682
2027 8696697
1017 16685657
2016 42004775
2263 11634776
99 29040602
1874 9201181
829 35013681
561 45217261
2494 10910913
13 33351068
2203 7563796
1281 44880173
2397 21185905
2229 9894587
1731 28605662
2774 7056280
2911 18617956
1156 10589619
2945 38380946
368 45352511
965 9924805
1404 16277265
2014 16550950
1954 2493514
1590 42045555
2622 48352823
2923 20526467
2502 14753781
684 24290308
1208 228441
1364 24425224
158 20922766
2132 41490624
260 16251648
2628 21042054
2403 23955193
1210 44494497
2653 38865930
381 33922245
1153 11158445
1121 3346394
1950 29780264
1037 9164670
2243 15184181
1568 44541645
1312 14347871
203 1069792
1805 274095
728 1457427
476 21244936
869 29706252
1022 18117200
362 15411321
1111 40063696
1141 6326296
661 40887774
2201 4241021
2659 10922297
1004 19375888
650 28455988
1117 36642645
1484 24145047
911 23190000
2214 37156418
1395 40780008
230 4475795
688 37643051
1239 376842
1939 23226450
283 558379
2715 15320487
2560 10966948
2913 48337508
807 40142768
2668 4350782
2489 20074171
731 49509282
1982 16521543
148 10377151
2960 4254350
2319 48252996
371 9925481
1738 27997035
2926 24205808
757 41380534
477 39821795
1761 44689912
2773 21319881
1943 12198936
1838 7040342
1392 24573202
1043 2506002
2661 28688830
2482 43584952
1449 15708373
1887 28763868
2919 35691569
420 46781265
2847 14816724
2775 16132426
1488 13851180
1522 16273599
772 19287318
2665 23931027
388 14118048
490 14067187
1846 24078355
2339 18988289
44 19007281
564 22550578
1737 28361275
1054 11166964
1026 35316790
1346 36821781
824 48316655
343 7294688
252 31181757
484 29633801
1872 40066054
1150 20263499
2974 276996
2868 31037391
1670 32936393
1851 38494672
696 30631041
1682 33225085
109 44708344
2821 30100510
328 23464668
1362 45609595
1700 12328259
551 10471141
89 36235077
2541 17928691
657 45213907
1890 49539595
70 48667969
2500 45214746
2630 6419455
2489 5389612
448 46685974
2544 39907247
1022 1134732
1450 26412282
2732 9167495
511 7667598
1606 20058294
2247 47997979
2751 20530029
819 21293126
2149 47748367
2154 15368233
1279 48537137
74 34360731
2471 14419580
296 16871218
1985 11212499
1952 399751
2234 4429110
1054 39031993
447 4348647
2641 33721013
1816 21484363
2027 49418676
1608 8221202
2657 20742405
1625 44248987
1488 25070732
201 35861009
278 20618123
342 33768795
994 44038304
1759 10793907
2054 23553039
1629 12455828
2965 10799298
1757 28887642
104 1264782
1440 30089125
707 47566008
2418 6625662
1661 23676344
249 47533245
2146 33178684
2880 11823657
1207 6629104
2779 42080482
960 10208381
1301 32699516
855 2051791
2359 7424365
1004 2392348
2059 578729
1324 32596898
1404 29929099
2239 30147888
2798 30252023
1327 5515367
2874 35493566
1017 25291458
698 29604161
1039 39412948
465 3497818
1128 46090449
607 13513463
461 20310352
651 36750216
946 2975183
641 36793116
2195 23035896
1777 19971910
2142 18292515
2647 42989254
2609 14569371
2300 24937445
1189 49203237
1291 20700321
148 38747326
1267 25849610
1775 42170277
1299 20654956
1716 14308761
693 15309102
1087 16586852
480 30540538
1428 16982424
1677 35747743
1110 45552281
2877 13237683
1208 45812315
753 24005500
348 36423405
1702 18506641
1943 18623159
270 27170748
1074 43677696
365 47280035
666 11756723
1305 18215591
2707 49625186
868 5698573
541 534027
1512 9119835
1498 223642
2739 8843525
1920 12238768
1462 5913289
720 23074339
283 34670808
1718 39728198
1086 45603766
2988 8266730
2072 14765155
2222 13351716
2775 38175547
1611 46842705
1465 11750555
2745 6517848
2458 29444549
2611 6637999
1851 4779014
1339 25925409
325 6566038
1188 34026318
302 32933823
1776 9512563
2911 3108033
2752 27011691
2694 46514550
2494 42647926
588 9260722
1052 10547258
2021 240365
2252 16843143
2930 6316964
2616 20227295
294 49105788
1384 43162166
1546 3202089
2476 22569974
1475 26351502
2949 31992134
1840 18107045
1875 22152972
1123 41669282
663 14863664
2604 25617875
282 143268
1533 932299
620 7665185
2962 11956287
2453 32458419
1865 18204208
1370 19386615
940 38265802
603 30612771
404 11429389
1824 29137864
834 19099306
2514 1900372
1469 30041648
2391 20754139
564 1534183
1456 32459415
2356 19393020
1260 25577901
1550 33591135
287 15898801
1822 40482410
1222 1831533
343 19112643
1651 28613598
846 5246083
2035 22133888
790 25850904
1966 31855180
1925 41053672
2440 18898558
52 11437366
227 12842907
2488 15602250
1996 37548339
2848 23688908
2304 31568867
1373 48761586
1998 13004447
1480 39627867
2307 1808046
203 8231610
2502 28795638
1750 23366710
2240 37329914
2454 32282257
1657 14572961
680 23670152
2715 1417785
9 25374843
1424 36080443
38 23435470
555 16655185
504 1665295
933 17175317
2980 40062553
444 11499548
1919 17712760
293 34959155
2507 11824845
2729 24770408
2973 13299316
2341 12266573
2183 19035557
167 41924984
1255 12647768
2014 28953038
174 15611949
1752 49346434
1237 9713802
986 27860056
2405 18226438
1133 10059183
162 38076806
932 22993470
1010 3798181
372 36624670
1905 21962714
2129 34423688
2472 17349973
861 37882209
2638 43418537
1168 23289203
1182 47910576
1783 10091774
2128 11844395
97 28816623
1438 42069674
518 2151279
2955 23189676
2901 837279
684 3422086
1030 22666658
1035 48125321
1406 23828957
2402 32246495
1631 26358522
183 35679670
2810 22745011
345 4422305
2387 44248141
1538 48792762
2977 663650
2667 42133773
1351 30958692
2669 5203249
1948 41802463
510 32390456
1001 42512638
1394 33569482
1175 22512977
371 37465996
1889 27974349
2266 11902278
1976 25255317
2702 39509574
1405 49367416
965 13453439
1292 18101946
747 14166262
1711 20830359
425 18133343
809 18348549
2092 22504962
2244 13006522
2000 22105316
752 16654062
1697 24373412
1870 46868706
24 41585315
92 25419041
1156 17413223
2783 11651077
2084 26843074
648 28820094
1459 18924078
1264 3277327
388 24347260
636 23406489
578 46933166
549 34576348
1963 35828897
126 12869179
1007 23215983
1604 18281151
758 3640723
498 40724575
723 43936590
192 48270079
2509 35715146
2373 24588854
2026 32271870
2031 22234836
2981 11949137
1386 46636836
772 46466690
2259 43750638
888 48765767
1779 40795840
538 5541300
1043 16068078
2108 24073823
2993 6582616
2201 42376002
1021 10012267
590 41432800
1273 22781419
972 42862252
78 26316655
1924 23488934
2231 21749549
2287 21972167
1704 31769207
1078 36936479
2324 24022662
2344 5619389
301 18731639
1332 33270223
1418 31391635
1937 46299402
2365 33765971
769 21030476
269 6013091
2228 33000704
513 368103
2876 27286211
53 5442364
2448 44554948
2870 2296064
2191 4647537
520 9355412
2003 22827984
1537 14714592
1167 37450666
1739 20246936
51 32927599
2490 11065278
507 29763030
1656 6177897
2399 21522500
984 12622020
978 43655535
273 1175385
1385 19071683
679 13673744
1230 31909509
2160 13809138
2155 24005046
2721 2203699
1155 23572666
530 22326000
81 42269369
1346 19643061
1681 24913094
876 25608514
2414 18497726
2583 38669967
1841 47422835
1105 30265485
1391 46777610
2008 36668975
392 3244322
708 24903081
778 12583863
2172 34228088
1003 27941317
2034 36085026
1262 29342896
1774 20685247
21 39467363
2802 13268920
350 49235255
364 13945807
1361 39052567
1874 39402591
1239 12810339
2623 23017957
402 28910737
1926 3078720
2219 33167002
1439 26011701
1419 39118868
740 1578806
539 14437915
1790 9060196
1879 37214838
132 14819922
84 27860728
2339 31209356
184 44877091
2096 17006296
2686 46124180
490 8041019
1317 47420699
197 26765375
870 21853993
1331 26559220
122 49916783
2110 34300725
337 32755268
464 36798380
531 7615815
2727 43844633
1259 7316550
2466 16640718
257 21932767
44 774910
463 38363109
2451 13126200
591 49248390
2130 47281839
2099 24786602
2243 39422780
713 29014429
1025 17732006
2144 34734577
957 39579936
378 39674782
1137 39430291
2574 34460140
2924 32586014
1640 2992787
992 24972508
2213 48762400
2193 16954725
837 670362
2566 38803607
2576 34570726
457 33160598
2107 47020648
422 8243345
124 9697771
407 15378119
400 29423939
602 32229962
1106 16289456
533 22426371
2301 49017990
25 15494519
333 46665099
939 29242824
2587 48568865
2102 43526783
362 27530789
1277 2234888
1954 5346582
697 32676862
985 12041722
1031 40684842
87 48501245
2625 28400838
1118 27426524
107 13127046
610 20578945
945 23806041
2460 21521904
1064 22032620
2078 39501409
2765 26569711
1646 229934
1927 32241053
2830 2365680
1703 38247798
1200 35012837
907 28026959
784 44412566
2668 1956877
1688 7502774
2904 17655470
1390 8851916
1176 21712521
223 49182229
2615 48401238
2740 48180387
95 47198448
1953 33048139
2525 11067738
936 43413566
322 45093632
2133 15772534
2486 49839168
1806 19142356
2680 49932585
1898 32613895
1975 30014083
1202 4622895
2288 25265423
1536 20504898
529 23784464
1177 27473071
1838 40117641
310 2731202
1297 15220425
803 33435592
2673 43856037
1912 25266291
2012 9558405
1147 24055424
112 13542946
2536 48963222
2423 4080397
2676 29349106
1212 23340148
265 17944001
1789 15813025
304 6180173
1484 5503427
90 19940060
2487 25850353
917 5400917
2497 19291628
411 4711077
1846 44074660
1997 41449953
1367 6826878
152 39152813
1814 1025109
291 3999196
788 49090879
2194 12573785
582 7123729
2177 41191749
2562 42614053
878 39119585
1615 10307546
1720 20728495
2386 5402973
2900 7816916
2628 2767655
609 5455297
566 14360263
1288 826898
1037 18021090
2646 1569590
845 8561272
2987 17030993
185 34900840
2958 17683806
274 47470135
2224 3662489
1353 19460621
1180 16508572
2115 4016640
2921 27143368
1045 13404693
1805 23486822
1069 41092100
482 46737422
2395 9567164
1961 25727944
1415 4459047
835 30154482
491 22592943
765 20343778
1556 36563713
543 45811020
1949 35213201
1923 34309989
2660 39914206
500 46681416
2634 42435447
2089 9987609
1910 14893630
2629 4776809
1272 11229932
2437 29686106
559 7446997
2173 44763652
608 24552558
1803 14563095
1152 20370700
2190 39107777
2337 49245678
212 38922066
2860 34705150
18 39337118
1436 34729940
2637 5104802
979 7849340
2885 44334443
399 47192825
2397 18618164
1850 37401097
2363 39978319
2158 5072811
1947 41535558
55 35067743
849 46043201
1584 15629869
766 28452778
2056 30241000
1100 19218576
2820 23906100
695 24755145
1393 38707782
1873 44710876
2067 46285035
2700 28500510
1968 8279500
474 12607898
1990 38125296
1053 18093494
903 32008066
1991 17990036
119 40665301
2503 24165047
1868 38877477
2893 13254631
1306 21903904
318 15592150
886 22947108
2381 31703555
2474 47309131
1047 42206303
2033 7028133
450 21987631
1289 28847684
627 41969841
140 38147326
1451 47523074
79 42977390
919 49382335
912 43441724
1216 39543402
1187 29411230
1286 23715216
1294 46353055
911 14959529
1534 22487968
2691 49669184
2787 14806172
2416 18916948
123 18347056
1477 36470525
1965 814298
2910 42586963
2817 968321
831 31873931
2013 25875765
2058 7712739
2278 28085433
2052 23509697
2388 15281086
547 21684374
1682 3919474
781 16559625
2114 35662265
2203 19237458
1143 5056442
2083 769379
613 11518238
1481 49779278
1141 47980948
2895 1404131
1987 36076697
1217 37399960
2886 6877046
1102 17646895
1065 35168778
2347 20482322
864 4802121
285 10543106
2291 17825541
2263 27705840
2187 20993005
1348 38453291
1403 34657875
1995 30936380
2863 3196466
1321 39797774
1617 20572911
94 42157395
175 40837087
1599 8178466
225 3183370
452 42647269
467 48012846
1432 27505522
2971 6221959
1241 37928312
67 7983438
2265 5136925
2909 28877952
2800 36645861
867 43318624
535 4518230
2442 25204287
1994 24452442
1984 12276987
1616 4282084
1243 15639750
1149 8191574
1878 16336424
1430 39036835
2450 18666951
2292 11069616
1641 38856679
2530 32171777
66 28229037
1201 35283217
896 7180456
363 7605761
983 37343762
408 1729141
396 13350482
1085 11966652
1068 39291462
1494 4915503
1099 23559872
2567 45045723
910 40963790
1938 21016930
1583 48800319
925 31711646
514 32134882
1417 7717000
271 35973777
956 13030104
2543 17352046
897 30412142
2184 43438957
2296 44399857
439 11330707
196 9337782
687 45861629
2516 49952227
1205 8096163
1784 6732372
2547 27778782
387 38999741
893 39297960
2068 23698065
941 9507235
1478 13079715
1500 48577630
1652 8324748
789 9348051
2336 37871564
2774 41937460
2308 10666804
2645 37774951
1689 31265795
1940 22838991
1389 48511183
2907 25500493
2923 20212646
2847 18793862
238 20634102
394 14849895
1620 23165226
595 32160231
2997 19492374
2964 6401932
2899 35699349
2580 9050161
158 41993200
2080 42679302
1666 21138306
2294 13635160
2795 13080090
2286 1614483
199 40808993
1185 36395013
2755 48491389
230 46331236
131 15856052
1132 16067475
2257 18244693
2764 32152481
885 30777748
205 13758867
1635 22740788
1782 34727011
2858 29942058
1801 24104136
2956 37207935
2346 25481016
843 20922614
2799 4537899
1747 24925807
1522 8123043
2982 39261835
973 47381865
1048 18888081
195 46510233
751 41574288
31 3653856
1040 39957446
2152 21785605
1942 20011585
1877 49725990
471 17771332
2390 45044549
164 32616812
1902 29839491
2568 27602707
245 38046762
820 43683829
428 41108209
827 3484049
2235 19228028
1637 17391571
1939 46829603
2394 17089775
756 45241204
2238 3127312
1229 3870331
2262 19434802
125 20542657
1618 49884364
1134 15613586
1312 4458931
1461 7344131
2280 31254459
1897 35140788
1622 16554399
1523 24802771
2098 33367331
1015 8044641
103 21335543
224 6289465
414 21937503
902 20312654
2411 19257617
96 22022452
671 22585950
1449 11805282
1988 13375253
2793 20775478
2459 32490405
2931 35394489
1612 46568705
2477 47508133
1510 16437705
427 46270756
2926 6422310
691 39677403
2672 20921590
91 31976103
2781 12054185
1379 24307878
2889 31220714
856 38896634
76 6278530
622 40590921
2218 3481338
2095 23190024
200 18460800
1858 34041978
1692 48181261
1700 43434739
338 19861572
640 11187042
2309 20492444
1088 16062606
1554 5197505
1192 14581536
1600 32024632
1982 40160866
2372 23814082
1643 41202630
2272 31283076
2679 47704874
179 45784676
585 33329882
1665 33364278
2659 27996375
34 43047192
2376 48893527
393 42861338
804 20081676
1694 21233827
2974 34802857
309 30810640
72 26891811
1592 43091485
872 25639732
2074 2200713
1213 4878886
2229 36205941
2639 32815950
782 7457038
681 22726999
1153 27447915
2750 35779905
544 41107384
327 38337960
1108 47751573
1219 39224394
662 16612025
2749 35854660
468 11262427
2833 9158940
1486 4698194
2887 39799556
2666 33657851
1743 27368541
2789 8023131
821 47062011
1601 13480325
914 40733096
2881 41431870
1121 11669099
1595 13737824
2929 13199242
2345 25326076
1623 19056717
701 35586371
1472 38150277
311 31652519
268 12960333
1709 23374013
2573 18985360
412 24522854
1130 17100875
1862 4054062
850 42580628
1072 1002228
568 27838940
1603 10869324
2468 1824497
760 47558049
1980 4140486
579 17368863
1885 21296887
2137 1775823
2340 36616968
1495 5859588
2277 19637486
2283 22218871
879 19348944
2596 43608494
1914 48603150
43 26267938
374 18464131
2807 45799456
2106 7523207
15 2002544
699 15347000
1724 44019253
807 22091515
955 35611412
1298 14623805
904 44112792
1067 48556415
108 20819669
281 36975633
19 41559628
1663 30956317
2186 28222607
2778 12153064
190 16613030
2619 18786133
873 33090992
575 18581419
817 20767565
2038 13705367
2602 8377788
1894 26273781
492 45014081
664 10910283
35 42094282
1579 49945494
2608 22562257
1765 16539850
1349 17436804
1833 33981588
1596 10375460
2960 5171810
16 13606315
1227 28929317
2560 41595057
1671 3123157
509 20931984
26 16298550
728 1875399
2020 43033307
173 33417500
1225 6047080
1049 23731462
739 15870364
1028 11279433
1602 5755150
587 48820635
574 38425844
38 27802958
837 2058864
2017 23718327
603 49055336
1082 21125542
1671 31191267
2793 24987139
289 18969365
1070 41426505
506 23618438
774 40259539
1585 7936369
1298 30160983
1435 20653802
2402 28897712
255 19690052
1575 24894816
26 42260786
422 15004885
450 7864748
2262 40152555
2588 27974165
1290 16568627
917 38488474
2846 40413171
843 24903517
2783 6981357
2386 24230739
966 15790948
2322 46934378
1307 12660061
103 16564848
1546 23343779
728 4753328
2194 18908173
75 13524830
1681 12488579
2701 17824309
845 33888575
2210 4249694
2478 29687761
2316 28624148
965 15314406
573 8434438
2450 9824713
1603 9091324
566 5218218
1088 42161982
2308 6915743
275 25251378
1816 46508520
96 33510724
2493 1412855
1566 32908810
1984 14760496
2414 24982184
197 44130029
2252 31876082
1390 48314565
1229 34236369
2187 18509838
2490 16596584
2669 3477920
124 991863
107 16637020
1450 38719103
1311 31775725
2958 18950567
2089 27399502
795 28615262
2158 17534860
666 22203074
1462 7203790
97 10204864
1651 35767314
1243 11625853
876 2903481
875 25917173
1464 3328710
1270 36414435
442 3343459
2068 32312288
826 310949
1015 15018574
1548 47023120
1868 43682679
1572 25902430
781 11180658
2095 20924284
2736 12343751
2678 6704086
293 42089170
946 12614100
1461 24158573
1057 45004452
2849 30704713
530 25229627
1100 21308829
1048 3252246
2106 29414787
330 24249798
2733 37521438
2955 38959915
2307 17291009
759 49599872
412 43889868
1498 5463959
598 15896600
741 2092518
2781 519574
883 17886659
2604 31081586
662 24008684
1105 23079934
1165 11979722
1951 11237900
1965 6465911
1153 2762267
1225 5049981
2795 9825207
439 38606689
2802 36406554
595 28181088
864 40942487
1484 35533560
126 22419385
1772 2955434
349 101031
1584 24912383
2811 9409866
2860 42250569
1534 22177970
363 24773035
1332 5256374
510 42953947
2952 20698459
1205 19355815
1092 46964600
1028 38846390
2967 35196183
620 37007121
225 6723101
1010 30436833
2222 15295662
2833 39305723
1297 25368907
1022 6420505
2934 41614653
1409 17303786
1109 39271991
2901 18117198
1910 23191863
2341 30551514
2415 37277229
1379 48180387
364 10640351
444 11552569
680 48614540
2805 27253745
2090 45662287
2324 9555944
2564 20473159
2407 13476548
72 11420661
1017 34811581
1187 29650277
2423 42583645
2344 26886929
2418 42031363
984 47310850
156 13567662
1131 41685176
205 24084344
224 23948748
190 38251361
846 46432596
630 11614414
1233 48782855
812 45393490
663 41191074
568 32695595
1958 22002058
2893 46450576
927 37796530
2960 38344106
2395 40186815
2128 12765920
466 44237802
1840 25551831
2799 31834022
2829 31131577
211 14368003
1034 31176502
405 37545939
2152 25875785
1783 628747
699 2422717
1277 21449452
1690 8930159
652 19524962
651 6397269
2916 9796012
2594 20262463
1520 23022141
2309 45455837
2530 49730146
1811 20358658
1739 13755686
2360 11329063
1600 44812659
63 3935411
2655 29445881
2857 16494842
2287 30109651
2525 29640451
2467 29558760
1237 19133326
1980 2024336
203 31048789
323 47935353
1937 1848467
557 33087944
2921 40802755
607 42699651
681 4902954
1177 4370094
1659 46604951
1071 3884468
1966 33448810
611 4578441
2031 2445523
2250 40524942
1931 35562460
541 38527285
2597 10358442
896 27625829
1175 17525887
1602 15906336
791 23965316
2280 45735267
461 48313158
654 25676621
2254 43839230
1292 41454084
2617 45503893
2003 29770325
1763 46615271
1274 37576346
1224 19471688
1706 19180769
2977 22769220
2696 38464330
739 1515819
2241 31433521
2841 45659342
1313 27571213
451 35235075
183 25316632
1152 5933423
1346 48546609
1213 25848836
2203 16172798
2700 23018184
2058 23555413
361 44457560
490 22081117
1264 781229
911 43187568
2580 19942559
1050 17592900
2786 30747175
2472 34216523
296 45477353
2193 16672983
2899 39977842
2585 22919810
297 9899966
2997 26399437
2798 41899773
2451 37736071
2325 17733526
2602 27385201
1656 23460333
717 22123551
2848 22612834
1356 14106273
743 21980698
582 3013347
1805 13592705
2176 43996370
2979 47177743
1259 24955584
2840 11788875
1574 27607946
903 4907534
2497 36885240
752 6224266
2453 17179364
648 42860170
1554 18093343
31 45335547
1790 12919824
1087 35230636
2306 33993502
83 36459730
1765 29790673
2895 4209743
1207 6401715
105 10358324
2180 12529021
487 41906052
1130 42877551
54 10471355
173 23028608
1864 5313166
1099 15546039
2810 28827509
1848 34003545
162 32933479
1491 42230980
1146 18217444
2481 43587611
376 3123641
2359 34146467
539 36711552
1758 25986669
2170 21678310
2670 14117430
1926 35825969
1512 9783819
1353 27361025
1523 13841841
1043 49643861
2086 46904387
2867 45415250
2235 10489373
1549 20396352
697 14200825
2771 35215190
2122 13894872
1305 36859575
1766 41058084
2480 38708028
2265 2727699
1905 2415988
345 15581902
2817 24988009
1249 1223251
1459 41862309
693 28262551
758 28506101
1875 31607280
2244 14238189
471 17733939
1983 38411436
144 42717849
404 9041122
1622 9008104
960 7622671
2479 23488079
701 8855181
1537 6681873
343 31904080
1711 31204326
1753 49271789
1494 27774878
2739 32183897
1032 42338311
1640 4601587
269 8248849
1418 21078085
494 4183344
2489 40144519
2289 30580226
2248 13684965
2971 32511410
268 13730691
2183 27694236
2136 31032381
2034 46017585
554 49212595
1621 26038813
715 24316037
2286 41994664
67 6154715
2506 20806362
2133 12052265
2290 25479395
1949 24220209
415 37418554
679 12530761
2277 22374787
1085 35340894
559 22609846
524 47091257
2062 29261438
1682 60033
2109 515807
985 24564993
2440 21287196
2619 38309804
1861 13491160
2664 36736862
2114 22938491
1952 12710117
613 10482007
53 6459968
563 5697420
2644 25469990
417 16287400
1943 30139339
227 29740307
2283 22580830
2731 38276907
1288 20417238
804 9710763
2973 32870510
1708 22706641
1325 41104494
1202 25287872
90 40705837
2266 35273635
407 20694740
782 5271827
241 43293668
1547 9256891
2224 24382971
802 8784441
1485 44769363
2237 23322696
1414 46088843
1470 2097308
259 5093546
2804 39465870
835 43984481
52 2784505
2238 29104528
961 23033316
2347 22186892
1094 37641697
2228 7862688
2001 30268724
509 20758097
2292 45446456
2573 25622246
740 44099583
2668 6234536
1863 31866169
2646 1368935
186 4129495
2012 32128445
2179 16920176
1282 3842327
2906 13352419
285 29486704
2879 29589566
1604 19066208
2061 33908446
1134 30704854
1045 31370328
2868 36625825
1331 41180056
2830 2074806
1102 24031944
941 27863469
1806 11569524
2514 41533964
2725 15650923
974 3017416
2105 47587944
2454 2841353
675 27972849
278 15541294
447 2883712
1522 35872657
2315 49402081
1595 6428556
1735 6967771
2751 31690812
2863 18585874
2509 24295300
2642 8685740
1968 2248021
159 40782259
779 22152237
1239 19288506
1150 25584094
2052 39756740
1428 14378129
2815 48253665
2186 17386250
2218 21466650
2792 20939310
879 36025231
2870 37213122
1319 18208863
2161 40224885
76 44372936
44 17436449
1617 20420112
1800 13931342
2789 26415779
2220 27482872
1720 39530493
2458 18832914
2419 6748746
612 47772362
1637 34563916
1122 26040335
1411 27262462
720 9985488
588 16882167
2900 32440327
1829 19488144
1865 7958007
2005 327241
1192 41012657
2397 40184681
1478 32617181
1132 40732901
1156 15549367
2880 43352579
1878 48901976
2233 40703167
1248 24808759
2929 29133678
1862 35597679
609 23793057
188 15088451
1702 10657996
2487 20339423
1526 12697896
1825 49408864
2294 38837845
2442 11763351
2721 48234180
485 24919178
1118 25109332
517 39310140
2491 30874299
1339 32582063
282 44669992
1097 19947046
1661 13170983
1835 14641967
319 27762244
2890 42640481
1855 33510259
1924 42622435
1759 23772847
1299 8554414
341 5688546
2962 24463379
1693 47152517
1551 5388671
201 37367560
174 43347454
2470 2442740
940 15660542
2897 21902287
2014 12317654
191 25093824
938 12101382
2575 1366643
2583 36350656
1942 27189567
2629 10934952
2345 43116166
2013 1545305
945 30516317
689 32808104
2115 31388269
2096 13385260
2033 35796761
16 22061950
1370 4464610
2466 1690941
1815 40297095
2050 36499285
2541 20042608
1650 24907777
493 30832076
2447 29607951
1921 13292282
2745 3468900
392 647973
1608 25030207
790 22958516
1302 29978050
204 27293409
2083 35237422
2676 27959719
564 4855918
2993 10462306
1072 43918935
1722 32163250
104 14835630
1709 20824736
2763 17006058
1646 194308
575 32183868
1488 8764326
15 11119181
1415 16015395
1121 16508871
2239 14103698
2620 45256982
2876 24695400
1327 32457968
778 834585
1133 9240210
2911 21588480
535 20067533
2088 35319681
2051 3615170
1616 34231021
260 2031338
770 31819045
1740 11705049
125 48280067
1657 27395779
339 35459189
1168 39018559
533 44406891
1222 26210251
789 5108852
579 27617808
2196 37548067
2137 11797224
2625 38238648
2715 8970654
2623 5951740
518 8321909
1707 3727981
886 46565483
1368 27745179
695 3091774
1705 32488146
2396 26342320
2063 23359225
855 11442823
8 16262074
2732 14776153
2752 17924708
2729 47253382
1750 21756557
874 4304646
1510 25980667
2926 32532197
1106 31692997
933 29822475
1814 48638261
2023 41408577
870 48313841
1954 34905201
2812 39117786
763 23196973
2657 8073525
1567 35587315
2436 15807113
732 40990640
1577 32526919
265 28804354
547 12598960
1267 13399234
932 1136372
1449 48356418
2503 22843671
872 23643731
2609 28120089
2964 15339147
823 34388438
1528 30065349
216 30157611
1273 22812904
304 23166298
1291 41213293
669 40423728
2092 18353819
520 6679013
1629 46920469
1007 1926211
1555 7035543
549 48644490
2847 14744445
1269 21503764
1938 41231109
1314 16951989
2372 31741141
2175 34058213
1445 32169536
48 23306401
321 29447621
2930 46057742
2931 29210200
1053 32942816
2159 41452006
2155 23540346
388 36166675
1812 18107734
1688 36852806
1606 3864104
871 4123111
2820 31053502
713 40308967
2778 23215915
2988 13554305
1272 14573732
2896 47258816
287 25842090
1220 16876610
1694 10060138
2684 33868603
2311 9869665
1757 34011708
1227 9699139
2111 760502
1596 2562590
1049 42188474
1147 17172794
2574 24917250
684 5746501
2788 16044725
1027 8135340
1885 17148775
1635 34344780
807 28487519
1777 42935626
1920 47145502
1180 4283711
1052 21754781
2234 19606809
474 19486933
2444 23246654
1077 16522756
2908 23512178
2488 9786159
1636 39113338
1025 30415203
2473 6327553
1037 47687105
2384 1936188
531 36615994
1652 4229066
1803 40260118
108 7179742
1310 38404027
1769 6511903
123 42151980
1601 23427663
1789 32434768
437 18316075
2021 10006901
66 11582099
2543 49071380
1562 2950891
1919 31027542
1493 13465281
674 31822936
664 5384240
1615 26999467
639 15950084
1883 48570016
1367 20461470
2154 30168642
514 12775835
2356 41864611
733 8776752
2072 16804060
2872 34638936
210 29857615
902 1880882
468 40358831
1255 29550628
2303 1235011
1776 22985413
2160 7283814
2471 8691066
1686 10912723
47 483167
2074 20984991
283 29116264
2540 43547527
1988 14612296
937 9920748
1149 572305
1228 6122396
766 3424413
2630 34904659
112 38965678
640 28741250
338 46208209
2904 11970126
169 41752200
1666 28338140
2762 548519
703 43182284
200 12236287
1021 6493571
117 47004986
792 26458798
1406 3567366
570 29005443
425 15414262
1719 31247434
1599 6351780
1417 18636573
2388 8143260
596 8081388
2616 20994421
1278 26608964
1536 16224321
1517 3794896
291 27758376
747 20216992
2592 32179279
2637 10780457
2665 37386239
2938 49023501
465 42114563
2769 5713565
1486 26955985
2163 24396316
1837 28181613
132 46126406
1479 4273675
2981 4541201
705 29213940
43 45924915
764 21976234
606 23445220
528 35241935
956 17057509
1857 26429507
2231 34386241
2047 24155405
84 41988179
1801 19409660
827 14967304
301 43469453
1741 7616231
808 6473616
1851 28742094
2167 38975879
2502 20065918
1252 14436815
1894 46537049
608 38956546
1985 32980331
1095 44773019
196 2713128
1716 17241819
1475 33500404
257 33015404
597 34603881
2561 3580485
2377 10260692
2229 13083725
2405 38872192
2907 10076355
2605 36455480
2611 31714781
270 42806279
1649 36128943
400 29888962
476 47000015
513 39382088
2672 18543031
2000 4812681
310 42714346
1784 48195653
2886 23359963
78 28997270
131 43010442
765 44866865
57 19672944
1991 12591593
1734 47314333
2507 14747125
2038 37287328
273 12609266
2659 11110823
488 29049772
1899 11397607
1143 19005977
311 49381054
299 40841510
2790 32662551
1680 48540214
2787 14507791
2468 1071336
2054 36223574
2373 25880089
2022 41800151
2275 6485163
809 44194715
538 43293060
1465 45777002
118 24229593
2649 49546676
2965 17614380
2142 34561328
2391 18210067
1030 29032515
2461 10929724
369 24181283
1504 13298222
305 43424956
2476 10954449
491 21375443
2411 8875569
671 45143913
834 46418047
2394 11697890
2942 2939097
2059 20286054
2858 2178122
2416 29181320
889 32601237
2291 20121893
2838 18048302
2719 18049551
1201 26573450
414 13790571
394 38483096
551 18144088
1385 11953936
1998 45855186
1334 24947819
1076 19051477
976 8569010
2856 7539525
769 10141308
1167 45100557
1774 9237171
411 4883079
1559 5297046
1911 49158940
504 11525380
4 34941612
1139 34042359
979 18590255
1206 23645391
374 41127709
2191 17880913
1623 32461580
768 9948655
1289 28949400
817 36273993
1235 17267976
2413 41295093
2987 26216239
408 39112059
2628 46259855
189 35184292
1004 35832389
2969 9210741
1084 11193121
325 1121014
1161 14413588
2877 480184
1312 44805199
2257 46346005
2600 19847593
511 6446778
2723 35209409
1230 44874467
2923 34645733
1533 22062694
555 37712435
396 6539507
2273 31848702
1101 35277978
610 10201460
2654 16925069
1495 40661885
682 2555944
1731 24827238
615 1275054
1898 6866366
2704 8823382
819 40412928
2188 6513414
1446 26963443
735 16429534
25 6224335
1306 36047736
318 32291361
1886 14732654
1349 34375408
1197 21523997
1620 33671201
2035 37633705
2269 19361944
2843 7299138
868 26811296
2667 12569765
1865 10619086
1020 37920094
2416 5062687
