10602343579
10607995122
10609535852
10614393786
10641391423
10643499435
10643559160
10652991462
10659459322
10660558853
10661778625
10653648187
10671641281
10656979101
10658039618
10670161190
10657402755
10660830998
10666238953
10678973628
10676830285
10680342603
10678692905
10690912042
10686153045
10701802531
10706636300
10720199200
10748028653
10760340009
10767968389
10756210487
10760764082
10781363103
10783374464
10792459635
10783586527
10773298147
10773444393
10757529710
10767589202
10771887191
10772705889
10742758288
10748333784
10750766208
10767857859
10772473716
10768383499
10778301689
10786354078
10790494214
10802071356
10804975591
10808923825
10811940227
10834843034
10840524341
10850965862
10853835372
10869398357
10854509599
10861641257
10876283755
10887910414
10889193781
10894571352
10911665161
10885253543
10902811703
10910427488
10914890482
10928531773
10937572205
10942677201
10943268211
10943817613
10950131823
10958232328
10953914479
10940816696
10954347491
10951949548
10956351586
10973150857
10985822633
10977254711
10993304143
11002452434
11009022569
10996192585
10989595786
10992869460
10999374784
11017728107
11010296646
11020962345
11040317635
11055046829
11069601156
11071702777
11076497186
11080903200
11088344253
11086543043
11087512866
11099036926
11102272804
11094624704
11079790481
11079870497
11080946844
11087829747
11102390983
11107418685
11110741824
11115905948
11120866949
11111225799
11120640462
11121543521
11119994309
11129390522
11132091482
11144142243
11159614102
11171158131
11197833367
11201658886
11221517984
11225865797
11227656125
11230050611
11230135426
11231191689
11235408610
11241362927
11254148880
11272325009
11277307090
11286137416
11277474192
11285785900
11283530001
11289200508
11315342645
11328326099
11326535685
11345973562
11365073958
11385057687
11390213872
11396474220
11398580720
11409970309
11419124306
11421527184
11420120466
11423378255
11427519707
11452415020
11461937053
11478214011
11484887246
11497583655
11507296132
11510743867
11514564655
11524877394
11547166915
11538233952
11555436705
11561468175
11572901893
11575457497
11581496982
11570995857
11582990107
11588177155
11587295086
11589551585
11593472546
11610781104
11630724188
11630919448
11634406047
11649008267
11650168969
11645936431
11650087343
11652098144
11663761183
11665803204
11663263324
11663559460
11675236824
11677804077
11686709899
11690999443
11702733474
11694767228
11701755586
11707091638
11720537096
11725658962
11732103980
11732527717
11740911859
11748171441
11754266087
11755420367
11770057350
11774602366
11771747236
11784432628
11793104038
11810658565
11834002152
11861976869
11862112547
11868945296
11888869854
11899122295
11904163445
11891466121
11891891225
11905213861
11907425748
11938105631
11958314708
11964595686
11952456767
11977842078
11992132862
11996425294
11982396722
11976892739
11979447801
11987355290
11987457955
11987384755
11991608282
11998971369
12001319518
11996223439
11998395699
12011354593
12013601549
12023196838
12012431017
12019415414
12022503927
12031291926
12031737181
12049153031
12047918668
12050992979
12063166180
12059141968
12071559520
12052147081
12065127605
12079683728
12081440409
12091809182
12087847513
12093832431
12086710397
12086493589
12080525729
12078250012
12086329822
12087553841
12093545818
12095902650
12101750607
12113013216
12123708022
12131171353
12139364170
12145442294
12152893132
12154896304
12146119768
12157691311
12161164047
12159863626
12172627454
12185749826
12197121154
12200863784
12207154921
12190622837
12196984673
12191407312
12194513433
12208937343
12232199196
12247407681
12242356879
12247346264
12258529963
12250676630
12245958606
12248522068
12255153500
12268810466
12269483989
12281058476
12282953579
12284347723
12292640161
12304809375
12304202278
12321818845
12347005703
12340133237
12345220122
12357137363
12377697818
12389478773
12388737827
12376488810
12406496658
12409477040
12418903235
12427617741
12439179059
12445771353
12453490566
12448569761
12465038212
12478400961
12502255883
12528892352
12538595945
12530864099
12533679420
12533912626
12550849506
12559707471
12582124784
12584287013
12597977647
12605520150
12610703712
12622066442
12629620707
12636850218
12648887344
12645303907
12666412641
12666898881
12664833158
12666643725
12670443997
12671857558
12676996090
12691362038
12696378127
12696578385
12709466692
12713621906
12733726680
12740721573
12741471895
12739969466
12756237741
12757350566
12770726136
12769732394
12769564201
12758384086
12761032054
12767989972
12770869390
12776234457
12783691615
12789798018
12792200342
12784250077
12788531234
12793110761
12806088518
12813785666
12815598067
12830839052
12848179014
12865760019
12868130999
12869086470
12884280197
12896226246
12910395422
12896458905
12892541361
12912176731
12903210442
12897842339
12905711306
12907519040
12903754096
12898628293
12913033417
12918147271
12919887307
12917990577
12899609734
12895566090
12899351055
12914717056
12926747651
12925400196
12926277979
12916579350
12926179104
12930550417
12932508108
12939084558
12939801339
12965769578
12971288036
12972417051
12973706064
12976500743
12983100432
12995835247
13005650623
13018428327
13024993357
13029802088
13035642775
13034298986
13042937821
13045956583
13058869017
13068589091
13075892931
13093414225
13100921549
13103093392
13123221005
13137300545
13132165306
13129040540
13132024338
13123857029
13127866496
13141815465
13155856972
13156783199
13155268360
13161276129
13156883582
13167879554
13183917861
13195426329
13200727304
13198378105
13186960348
13187115580
13196884911
13199196272
13185861439
13198436549
13205268195
13217893688
13232847896
13233822048
13250249608
13262648950
13262968459
13256231308
13268584439
13279120911
13298137382
13272049696
13287651918
13283544329
13301646375
13312085901
13339164011
13336225454
13326233861
13329633545
13319129789
13313502646
13319319805
13329853312
13317095243
13317288112
13308135901
13302275580
13317069792
13327662523
13343102669
13357018675
13369065012
13377682491
13395453562
13377139638
13374527573
13379518298
13372777356
13365322105
13361236377
13375586282
13379959290
13377424513
13397497691
13401788064
13406885513
13416262305
13428562190
13431049627
13432456177
13434160947
13441879201
13443149838
13448692349
13465328640
13460541357
13463676675
13469021134
13481286639
13487605644
13509350948
13523501885
13537256768
13545960627
13537165133
13542792518
13549068677
13551785093
13553586204
13554581005
13559243151
13567234313
13589500733
13594199143
13604772322
13620229335
13632823044
13645649837
13659406573
13672455049
13679918386
13695590860
13693236068
13694904291
13706623514
13723589041
13722629856
13712671222
13719247761
13731983628
13743535050
13758232862
13724406269
13731603745
13731739448
13735384633
13749255189
13766120718
13780792588
13802471878
13826874787
13837288591
13842744879
13846353872
13868074956
13869387608
13878831655
13896417023
13905518004
13914962766
13919946654
13925876668
13949298192
13947150357
13970453936
13979725168
14001960018
13971230277
13984300681
13988791213
13995564187
13987568986
14001541381
14017420304
14010964744
14004647768
13996744611
13995782610
14008536122
14028313683
14052424567
14039405658
14033779777
14036052910
14051030496
14055293190
14055693818
14055846409
14062644421
14069110570
14087913685
14102353156
14102679749
14117590134
14127269009
14149822790
14151518440
14141101311
14145836933
14155119784
14148411294
14158449110
14162762880
14182040976
14192064423
14208007172
14210569800
14219690407
14230415483
14242543795
14240969273
14247421935
14242485254
14250272090
14233053869
14235877520
14246364373
14264824912
14224924699
14231173865
14232761143
14225776972
14232386379
14230230544
14243954083
14265931038
14282337157
14284815696
14284278175
14290129963
14295172071
14317181995
14295558112
14282230324
14271622433
14285182115
14288885138
14299084690
14307355345
14333041129
14343358164
14357680620
14365922546
14381109387
14385435376
14387409025
14394347458
14401979268
14405395996
14430010951
14445410349
14447657456
14444567657
14442170310
14458087013
14443902886
14459643386
14448680813
14470479007
14484928880
14490052706
14510992933
14523625749
14538286921
14505565487
14520016922
14515335426
14524529711
14526723763
14547411485
14546132100
14548438889
14550442505
14563366020
14566121159
14580435780
14576912819
14582445535
14594585174
14594705294
14595058907
14599277675
14597748026
14615715111
14600965509
14612434807
14616107454
14610601580
14600706166
14606869312
14601459569
14582411558
14572133203
14582550833
14589800293
14607162906
14620438321
14623424153
14635140739
14636014761
14640403312
14668191197
14678043277
14664633317
14661883168
14677521733
14679500571
14682375096
14690035653
14676261034
14670119472
14660456529
14672662358
14688200752
14673463802
14679436541
14667311424
14662862438
14670986572
14677473301
14687895056
14717535624
14729795520
14746891382
14753269804
14766951934
14789097197
14786926209
14812064887
14816933872
14838187587
14841759482
14849557744
14854354730
14867969597
14870416637
14882728630
14882153032
14883127729
14897657168
14899912098
14910545997
14926769722
14929579043
14952633123
14924270398
14931448536
14923239352
14930492152
14934893231
14948341825
14957889949
14955510373
14953484855
14972109234
14986144600
15000081060
15005589469
15004368826
15011116145
15011459160
15025882895
15031860046
15058766550
15074332954
15083124437
15088645834
15072515697
15084096600
15085401747
15099625033
15117402357
15130536588
15123849173
15129220027
15153455805
15163370731
15189979527
15220979082
15222735715
15225439244
15242443512
15259016644
15267691974
15284013369
15322124646
15306407635
15312271438
15330437275
15344437288
15361684706
15363615100
15374369100
15395038564
15410162472
15421490899
15421866386
15421661759
15430363468
15444572176
15452337401
15446655126
15461353234
15466224956
15468743020
15477648484
15476795596
15486034124
15492620702
15502353865
15519281528
15503319587
15514477182
15526710836
15535503752
15550908165
15559371866
15545029910
15553279252
15542219582
15557718067
15558829550
15571203009
15582072980
15596656666
15587801825
15602384222
15616013355
15630629134
15634346139
15628713877
15629904909
15634694600
15642565103
15641177379
15662357237
15682032985
15679158276
15681056603
15678793958
15686853079
15701629574
15677323117
15694409930
15701524755
15716563590
15725568556
15730778102
15729938580
15758025887
15761755303
15774788774
15770575005
15783402747
15812548525
15809160804
15815028723
15806136688
15827682055
15844606133
15844680501
15858435242
15864216545
15877204412
15874587703
15878455671
15886977871
15889804395
15896021021
15890401470
15891515628
15910839683
15910452903
15923422882
15897891082
15883848096
15889047013
15902757213
15905413061
15914965679
15919088592
15906224088
15924891136
15934764804
15951530114
15954104024
15961265960
15977041094
15985718588
16012161362
16023334161
16017930773
15994149856
16007305949
16014312236
16020297578
16044977139
16048994944
16040430516
16034926304
16026218133
16032126829
16054629415
16049943520
16055286087
16071997695
16077608769
16088503480
16088049778
16093601683
16110833557
16126440698
16141845773
16148124120
16161811310
16174038530
16188228844
16186133586
16192239194
16175149052
16193632347
16167837873
16182148912
16179908016
16194468374
16186036433
16183693835
16179138786
16184016099
16192839835
16197657075
16185762464
16194873298
16190268993
16198892497
16205319181
16221122035
16232379546
16249087648
16261676292
16264978474
16264824914
16266839428
16259828505
16276161193
16288562684
16299837821
16311861424
16327657497
16338096824
16346628121
16349150789
16335705666
16321930051
16321962652
16333666853
16333521833
16336817500
16353781357
16372011279
16389703964
16407892021
16424964430
16424313129
16454183689
16473951535
16491768873
16491177161
16507313240
16508386590
16520093533
16534673415
16525710930
16552237388
16565185843
16599997273
16606621662
16596342062
16611096336
16630403841
16643316503
16653430767
16655115018
16648948978
16650246840
16644063750
16663899707
16673182829
16674654002
16690906496
16675669532
16660984973
16668508903
16686768930
16669786462
16664681248
16654084496
16645795636
16645003253
16650338214
16645063976
16645126918
16645827173
16651654011
16666478360
16666941187
16660752917
16653367273
16644031958
16631438792
16593962665
16597867304
16596042186
16599092392
16606826062
16618824537
16616836187
16617224212
16619922161
16631141713
16633929324
16639755921
16654012126
16655623631
16657751599
16665533035
16648181311
16643406633
16641222524
16628272444
16638763727
16646428105
16629045755
16643979506
16658605213
16662337667
16659397622
16647901536
16660059940
16648609119
16649281243
16636617757
16620149311
16603165771
16587681403
16590890405
16597754509
16614508543
16644334925
16636330017
16643652214
16652258015
16652966968
16658193277
16643589262
16650322629
16649683581
16657526576
16684676953
16684206817
16686679419
16704675561
16687919540
16695678773
16704403929
16700891387
16720158304
16731266332
16734923566
16740784236
16741177862
16765537617
16759297689
16751569746
16755094863
16744294392
16752425612
16753980073
16763885713
16766849199
16778924346
16810163110
16814834685
16825426309
16832165784
16833424374
16834799608
16839691180
16865494223
16862835014
16867527531
16876199378
16877158377
16852408093
16852631631
16834823183
16811272363
16802316757
16790266759
16789251997
16823364426
16829281539
16847166451
16814856268
16813888493
16821706521
16827581288
16828749735
16824679832
16818880209
16820901850
16805041575
16771325917
16773842147
16766525971
16768736708
16791896048
16783329534
16767819611
16781782553
16785506167
16798987792
16794192998
16786820726
16784953407
16785431072
16772896212
16775657848
16784230264
16790683904
16782594705
16775278174
16782978285
16785573933
16798495813
16796016709
16802354798
16805472933
16817599906
16800549038
16781717005
16764869310
16747469151
16747583444
16748999830
16745333926
16782077444
16784802463
16790629156
16801966361
16818070644
16794820051
16812054008
16818369119
16797352724
16798669182
16814551754
16820376798
16831041431
16806932413
16835221268
16821219921
16833037876
16836607038
16822567208
16825010626
16824533172
16827753161
16846717464
16846988364
16855995644
16836923725
16823485086
16823989062
16843445550
16844997458
16852561896
16847590048
16862121320
16853106217
16860268035
16867528177
16864161038
16871624996
16889191632
16885907340
16892603889
16878701187
16890592889
16891206564
16895033743
16895170736
16875064425
16878313883
16898499595
16884243047
16886321502
16905361677
16900485901
16909171655
16904646960
16905845201
16902117659
16908879023
16881537367
16893939455
16889347099
16897009423
16876918985
16880180679
16893087071
16903025958
16903235973
16914483454
16896735064
16900106358
16904726327
16915309284
16914352963
16919394744
16930975503
16939835472
16949326958
16940148922
16942631274
16946007093
16949944757
16922726303
16912213966
16900795067
16879926845
16896648228
16909710586
16904497307
16913755621
16917183645
16943947993
16962802858
16963427498
16990393798
16991874168
16986069804
16999813534
17006946052
16987835808
16995752808
16995308621
17013087806
17013890211
17031041599
17045614642
17069239880
17061870238
17071419109
17082968504
17105764310
17109292944
17119402717
17124136889
17125058752
17135289017
17132834270
17130380103
17127622162
17137376588
17124426484
17125038161
17131541727
17134056278
17137562703
17144386307
17143314871
17153384340
17156475187
17147820762
17141423360
17151652572
17170894721
17187293425
17213699959
17222900072
17227607815
17228764655
17226280400
17216597695
17222608946
17232674278
17233011401
17232891501
17228839432
17237515116
17247237330
17242233311
17249649505
17261399578
17267480323
17303025887
17314188714
17305642499
17319204575
17320950992
17312563343
17329580353
17310960056
17328909793
17333263182
17337271669
17348114474
17360475480
17357151406
17363688563
17370089430
17397517221
17396814287
17400422158
17395465694
17394133234
17403972794
17449822837
17456188141
17457331551
17424380325
17426406139
17409694820
17420282703
17406640876
17414707570
17402015939
17394851693
17395187699
17399299183
17393416195
17411279264
17414720545
17422118958
17412526831
17417829696
17413770010
17417324561
17429733957
17431557947
17421439938
17439214771
17436696836
17425925900
17423812339
17433371124
17409101404
17416267375
17421182630
17421939408
17404760688
17407521015
17411327217
17413348177
17410513019
17413781798
17432086235
17445221106
17453341832
17441289115
17451475044
17451895946
17471703853
17480601651
17507636326
17510251800
17511211194
17518891563
17512362027
17527663350
17527494832
17529743275
17557395114
17569828611
17582733687
17595707609
17585053229
17606413592
17614852926
17625097442
17623760037
17625857297
17623258148
17628789928
17621856401
17630196331
17631858799
17635421239
17631331744
17659100928
17653074760
17657023016
17682850107
17690005663
17697762275
17706361935
17712640960
17713428457
17735277188
17730342444
17762004755
17733514066
17717282964
17714413056
17696180685
17704793995
17697969026
17720993462
17728907968
17740478122
17745709909
17771803525
17779269433
17806354878
17816695790
17829778658
17842207889
17857478423
17858710581
17826605649
17827458876
17859584529
17856235550
17849341179
17871470108
17887078938
17888239923
17897868843
17903470991
17894189554
17899892645
17911021482
17925009827
17911671057
17904680554
17908453633
17901284542
17907747044
17921500892
17938701224
17946728678
17951526739
17940193148
17943046216
17972515438
17960299569
17985504547
17996967375
18007429748
18001751835
17982743165
17973414694
17978296849
17985543600
17989005211
17991441622
17993537617
17983943811
17989287003
17976936307
17977380695
17977434293
17995336179
17999708688
17997314783
17985530824
17987966839
17970881904
17979762758
17993934454
18002979202
18010779805
18028839380
18030648240
18022714005
18034782176
18040132685
18040684423
18042698648
18044992453
18073577569
18076415292
18094192576
18064544007
18070557666
18075347987
18087083238
18090977677
18108789494
18103244421
18109117961
18139151922
18159757538
18165684046
18139306272
18126544685
18128946782
18139645428
18130574099
18132602852
18137469662
18138570657
18148543366
18142055761
18123414141
18131011300
18130555426
18117231547
18124073428
18116995595
18121730119
18132246689
18127236998
18142079878
18120523849
18111032870
18124738745
18118347284
18116315120
18125504117
18136699789
18138403494
18128064380
18127618541
18129281386
18129463128
18111188729
18106775744
18107656238
18078682109
18087538529
18061525517
18056240512
18069605285
18088071209
18079357094
18084956694
18069179746
18075048861
18079481126
18046727780
18058664261
18062123952
18085336679
18117705828
18122398220
18114028185
18119917931
18110041141
18131104728
18151088830
18142004743
18156324609
18162328318
18182133492
18190655119
18201072419
18211865679
18227182250
18236232832
18243382323
18244526870
18238148709
18248058660
18242255329
18269388799
18270513955
18275155784
18278525381
18299222740
18307859363
18311606142
18324126735
18331072450
18347491661
18324200850
18318456762
18328836448
18338289389
18335721648
18367053418
18370942881
18361474929
18370198054
18376930408
18383794593
18394205988
18385742735
18413208208
18416774266
18392788356
18411737749
18431910978
18437548379
18455354926
18457599371
18451604086
18444313630
18458734771
18447929870
18444415263
18432504736
18445586662
18455118483
18465472694
18447275349
18458517704
18432882519
18431555867
18444306955
18449320592
18465985857
18432398347
18447617148
18450676289
18471506597
18477408612
18493891989
18508917198
18523495486
18524801515
18534299848
18538643715
18554766019
18560625367
18552394896
18550923583
18556322785
18554475026
18552653364
18568669823
18576536984
18563182877
18574147175
18569885181
18578817308
18588850987
18592257625
18598870378
18604423788
18601812405
18590096792
18560791181
18561966602
18570627973
18582301635
18576585814
18576339971
18556473472
18561442469
18590329374
18577649006
18582615117
18602817610
18597458766
18594514790
18617033147
18611956140
18600363773
18580689634
18573697948
18587734064
18589334546
18596849787
18613313470
18621074264
18611496241
18629797865
18630028333
18635687775
18649490307
18654286657
18641419959
18647747306
18671844666
18675932899
18679032391
18687949993
18674988773
18648097060
18653998943
18659978284
18666656859
18656471834
18668766676
18675729176
18668706477
18654422277
18668675472
18653931042
18648124938
18650896151
18655756099
18653198240
18663604271
18672029256
18692137147
18690994906
18682245365
18678981452
18692267382
18673421027
18655553466
18650190993
18652974165
18634205243
18651628509
18656809895
18671745888
18673748433
18697774810
18702427201
18705028210
18692972802
18698152271
18698727633
18697697655
18703393468
18735378016
18744596201
18736707307
18731818019
18743817760
18772176347
18769212362
18769847344
18774236037
18789676041
18792523128
18797082967
18787466834
18788310201
18794601969
18788753393
18771013826
18784587418
18804198842
18789721893
18797847292
18813788153
18825094901
18841770011
18854635451
18854321630
18858298768
18863479412
18876147665
18882979867
18888847560
18883562567
18886526092
18895182345
18883999322
18890791537
18906089810
18917864425
18911549868
18910195448
18899005990
18917906446
18939953693
18949861945
18983872588
18965988242
18950141200
18938066301
18945857315
18959698550
18971275006
18985081857
19008190689
19006039898
19006585775
19015409503
19026264958
19019495295
19012751335
19017483174
19009332618
19029896377
19034286776
19023705688
19027555126
19041633363
19020330592
19036900860
19048179546
19065768223
19067745158
19079906187
19083526034
19084020127
19085032368
19085987667
19103193010
19106333739
19120608047
19105085428
19122196908
19119220969
19120285943
19116191287
19119180129
19098802993
19091839768
19093097503
19098366060
19134232309
19139069548
19129180608
19117306004
19123060582
19138111576
19144129072
19141816146
19146237518
19133783159
19136356901
19133754197
19141552659
19137617031
19141995258
19148803724
19153295277
19149392186
19148576214
19160990920
19171359756
19181544521
19202732667
19203335034
19199595882
19204455985
19186672487
19188352537
19177843708
19188757482
19182440580
19192953402
19197079232
19229511624
19209734079
19213043799
19203610565
19201853378
19203624233
19204990448
19223562367
19244832472
19236044862
19235040658
19234484446
19244262750
19230643158
19234288519
19242045976
19256659223
19261108881
19280894999
19288192100
19308462477
19316378326
19322338079
19332615391
19349689469
19363341002
19372341393
19382683039
19387526415
19375701229
19408424937
19431253863
19436927021
19447767423
19464162567
19449513675
19446674560
19472985914
19478886358
19463316038
19475548555
19491838025
19500237773
19508574749
19522494047
19539090813
19545109006
19545957252
19570726676
19559378414
19537299828
19530317628
19538397200
19541430133
19545511278
19550600768
19552957412
19562989788
19564883367
19581509237
19589831942
19590261100
19577120059
19586426399
19570125333
19600299271
19614011309
19634399365
19630210062
19633443224
19642336839
19660789105
19643182332
19628469810
19632555649
19615164443
19616205132
19611859874
19584521831
19589093014
19585057208
19582011449
19594146312
19581645121
19599793240
19570313886
19571742660
19580636698
19576362150
19587484686
19612445887
19613485222
19611520191
19626548369
19616418902
19586185435
19597566901
19598142640
19580091387
19598250458
19601470489
19606983004
19616531830
19596356972
19599184585
19635546248
19643472109
19653354403
19650410280
19645084351
19635746663
19652009971
19652868312
19649508713
19645534241
19632541111
19634054828
19647305730
19638018048
19638275549
19651608803
19653918257
19667158993
19684348148
19691439506
19686890799
19687808259
19695677651
19723300795
19741350975
19726770643
19739458136
19753044689
19753462661
19779129786
19787573473
19757134760
19777901401
19783131503
19783656912
19770451326
19774398037
19776020693
19780388181
19781776683
19780765758
19788133556
19772320635
19799884493
19804096154
19787098706
19787638134
19778345694
19781166218
19774041445
19787661020
19784330050
19780981267
19774404824
19776130046
19784618098
19791379638
19777256755
19779141834
19775981209
19765885068
19798972625
19805066308
19809047211
19804377491
19821272737
19817657360
19827646554
19821250028
19816479333
19832588634
19835466563
19841800951
19834613750
19822189235
19807639003
19826123746
19793520420
19801816679
19796139539
19798000506
19785075211
19776232973
19774454973
19765312928
19781658770
19777907709
19770229703
19771058212
19779260839
19754505422
19756544228
19759027737
19765512195
19769976792
19783234159
19801597701
19822120569
19819637402
19825168708
19823443379
19814737471
19818247445
19825057229
19809979308
19811246069
19827270161
19827671000
19840133049
19850579400
19851869901
19833258142
19837134949
19833121052
19810416019
19818944602
19799789569
19802910769
19776181399
19778262160
19755980230
19762954163
19764296149
19767884145
19764549751
19759170784
19756905044
19748789510
19734395977
19736198139
19745837056
19762651498
19767473598
19777967782
19778058344
19780148597
19764512762
19779191106
19781128775
19782254025
19798024264
19813507227
19818728168
19821983187
19827223504
19821108051
19803417125
19791882514
19788827457
19794291168
19801687827
19794502276
19783239098
19765179356
19770830969
19746145321
19745148222
19741893339
19757060368
19768714948
19764735805
19783888877
19810657320
19820207526
19800083947
19772469997
19779679119
19763727977
19768001976
19767691978
19781798738
19753784889
19761745118
19751958040
19763217692
19766283532
19788161913
19799208897
19828550833
19832090564
19852126812
19854070758
19884217541
19894366023
19899651796
19907208688
19887939278
19891669723
19908949642
19916217295
19931481511
19933713341
19937111303
19933805847
19933858868
19934046099
19935520105
19936957244
19922490526
19925707570
19917926087
19902454937
19904551006
19904790053
19939817433
19961084973
19996490674
20006266909
19981348133
19983822871
19994148348
20011807631
20027545882
20056648808
20032034297
20037023942
20040529705
20066857115
20071713770
20069017909
20095077792
20093918091
20116945704
20136419142
20137340667
20147660966
20155105752
20179098801
20182070536
20160874348
20162772978
20164846801
20168936981
20159473954
20146549671
20165764235
20153999222
20152626811
20122273864
20111515390
20111996558
20115506840
20120244023
20130967846
20125627974
20119136724
20104339092
20104911358
20073773729
20083524789
20080059567
20088197051
20101554537
20113780954
20123200478
20121084328
20140358240
20142152148
20097701213
20101198131
20106295816
20117050664
20099226619
20076123642
20078293946
20046524570
20046874632
20029437817
20009648504
20012368100
20027859587
20065852845
20048999574
20069444947
20064457857
20074609043
20068955625
20075082504
20085597461
20088290267
20090287788
20096259665
20109369343
20116311684
20117465225
20119779968
20111280914
20104535453
20126641023
20137923727
20123569182
20125512595
20132273377
20135535644
20138681184
20128318146
20113880869
20135329908
20156184017
20153119357
20147637031
20163479705
20164753670
20178793768
20176297670
20195054820
20205947218
20193312767
20190810169
20205294218
20223582545
20223300803
20224398378
20226457832
20215945947
20222853010
20222860063
20233074011
20224201681
20239391671
20256674107
20259581552
20258505478
20245839545
20234221879
20230111497
20220217380
20221885716
20225540261
20243179295
20219610019
20220235986
20193135454
20194489850
20184060054
20168780999
20173657901
20186553739
20219119889
20222979517
20241623301
20244150729
20248415015
20261665838
20264471450
20264244061
20233583514
20223102557
20228883626
20254660302
20239204701
20228815809
20209630451
20201616618
20207699116
20209781514
20204638187
20208914024
20199327516
20202026018
20187398624
20212396851
20223775088
20223834263
20228296641
20211373837
20241203927
20241867911
20249506739
20238545809
20247743154
20251282133
20252750148
20244011493
20242965134
20224489097
20227900631
20222099868
20232648145
20232665512
20249066587
20246657361
20227110635
20238270232
20262289920
20243459225
20266397456
20275661556
20299825169
20305618846
20306850513
20306813120
20313818964
20324743605
20322355338
20314809043
20312223333
20305267194
20278536004
20270503285
20277118586
20285594903
20289320470
20312179845
20335520217
20346330478
20347939278
20350175036
20339861486
20315059026
20337662864
20338737347
20330408389
20353364805
20354135163
20362793842
20366276616
20376209175
20377501638
20380866196
20381181748
20410271978
20408443255
20409127840
20405407571
20386657332
20375664340
20379591477
20378448494
20381185795
20393992178
20409155027
20414677902
20417305805
20413446364
20388286373
20400809644
20403198282
20415491610
20404736754
20412720279
20399996505
20412306871
20411270640
20412288244
20393204838
20397282802
20400112676
20403011421
20419908821
20420270780
20430798920
20450389260
20440018347
20459422226
20461779238
20468236737
20488901714
20494227945
20512165158
20517481779
20515296568
20520968966
20510953993
20531674475
20520448904
20524663374
20519620598
20521035590
20504429933
20477574269
20484552346
20485208504
20476555643
20502532859
20491335144
20493039714
20495029877
20469891861
20469916629
20469742742
20491463281
20498100167
20521237032
20525514691
20535797947
20535597292
20499319918
20521889958
20521093208
20503081951
20485353936
20504297534
20507115085
20507900142
20516464568
20523413239
20532227319
20537815753
20542093034
20541802160
20548187209
20561851417
20554278585
20583712988
20573043822
20547192776
20548107919
20518667015
20516138173
20511061344
20509596409
20537346023
20549539093
20542229825
20529982095
20541142878
20556532286
20545112440
20524985301
20518953822
20520739193
20516845048
20523323215
20524665409
20533262669
20530658374
20544045485
20533209128
20551194440
20543738371
20552418533
20574202344
20565553908
20567600362
20590264545
20606926084
20606773285
20595539346
20610735081
20615846468
20625047072
20614435437
20597628757
20605847693
20614311285
20602730579
20607216267
20594127416
20601748861
20615416787
20607102576
20596856375
20577556337
20591480902
20601131080
20614919971
20639585397
20637721541
20660682294
20669658258
20673986709
20675142435
20691076871
20712219124
20730556884
20724340698
20716492053
20710981123
20700772252
20705388363
20720687529
20707246593
20753277074
20734646073
20732328881
20736821126
20742748893
20748947119
20777246350
20769161580
20758656219
20743685950
20748512763
20749743649
20751670352
20759599855
20772578795
20760478253
20732961566
20745468658
20747815961
20722237783
20723744334
20739565906
20704796691
20682191431
20666961334
20650325950
20634573870
20630528599
20596968762
20594649451
20601827433
20607985576
20611016021
20586685561
20592513321
20594766926
20622138555
20618517519
20647286147
20655741782
20640819777
20625870000
20631266126
20634107704
20636221621
20632880810
20635594313
20630475672
20619753679
20616704731
20614108382
20630917387
20628024999
20631241175
20639149982
20660413223
20659023836
20662345571
20666225261
20688795699
20693675176
20707246024
20704696747
20677928971
20677893345
20691495794
20675189388
20684306025
20695862373
20700702145
20684657955
20686478056
20683887245
20706975745
20695226467
20694407494
20712887941
20728437244
20734632321
20711948530
20741897467
20727677157
20728306693
20708544537
20720872390
20729491292
20731352035
20735462334
20751655518
20776034236
20771795037
20779338557
20788175226
20798196627
20800987056
20808539925
20791473708
20797644338
20775747486
20780186651
20783629941
20761966570
20762187198
20760265203
20747132131
20756523163
20733187815
20738796473
20729709490
20749858833
20748248680
20729208797
20738751759
20764861646
20780265187
20787320609
20822368430
20825758074
20832233361
20854271980
20862216914
20855156267
20842487387
20844154592
20838253181
20852576117
20863127401
20873987754
20864902340
20852451964
20830594866
20860131425
20858810049
20856814048
20870364766
20879301981
20873924593
20880433849
20881456765
20881488250
20898474375
20915124778
20918153828
20914002685
20911326286
20934442733
20913152961
20895846461
20904489224
20900439807
20898198964
20911298733
20906693877
20914620936
20917848886
20921722071
20905204233
20901177020
20927031343
20920847054
20935696376
20942819425
20942354725
20951337347
20941479622
20961104277
20944910087
20931382995
20938530397
20947646370
20958709221
20963996796
20967340596
20968102976
20978046265
20970461869
20959288180
20965089583
20945569260
20950693326
20931463148
20912014268
20904201398
20922658410
20915775780
20906232890
20908557305
20902647456
20885798194
20881650082
20893254074
20899650078
20916979109
20932053903
20919829042
20931036565
20946214264
20953093299
20952171860
20946683283
20948417428
20942601337
20935908427
20948591624
20925806597
20937112200
20921959307
20937443401
20933347719
20945864833
20932224906
20942942180
20929145021
20946175149
20956122487
20972744230
20964262698
20974029234
20957382296
20971250964
20935357715
20945016576
20928233181
20933822653
20928296610
20944988531
20931824056
20939865186
20953499778
20968300187
20948941140
20963824981
20948039169
20950078074
20950991961
20961340774
20942909002
20966966256
20983869116
20962377006
20975849856
20969324532
20963596018
20955375599
20932666801
20951451079
20945896535
20952417772
20953654815
20943613615
20935994346
20913108680
20888080315
20906726698
20925002797
20942557005
20966638348
20960953004
20963584765
20970784599
20946353857
20948428262
20942203749
20938685053
20944117921
20950689579
20930427988
20939764488
20937045407
20940508724
20938682038
20949601611
20942463785
20925223647
20925990773
20924203101
20919922524
20901788036
20925547216
20931597946
20937766743
20943442398
20947485720
20950728504
20989345249
20973478333
20991986409
20988224354
20990251318
21003049204
20986672122
20979264186
20982319791
20988178143
20984096948
20984566137
20987247161
20991274566
20987121215
20999514106
20991042632
20998641093
20993946617
21005429872
21020619335
20999508335
20976168046
21000131126
21000214515
20991484795
20987654963
20991286537
21001274529
21023042361
21028430701
21021806047
21024739105
21027271717
21035082193
21039199899
21020773191
21003234640
20980112424
21000313100
20984888962
20996983177
21015840003
21019462994
21030865705
21031330728
21041583311
21067132381
21064753822
21047461187
21074334146
21098806100
21115289017
21117969632
21144164474
21166119142
21163670693
21158272250
21168949627
21171871907
21185989167
21197423048
21180537496
21186871543
21178920317
21192869852
21210261485
21216888787
21223252205
21226951786
21226653405
21225900244
21232243685
21233534920
21239959243
21224148519
21236380196
21255291338
21274477163
21261608153
21276121942
21282937024
21295341733
21292797661
21299163518
21277943627
21263554307
21247800831
21252123090
21240507565
21239290065
21228908017
21244984604
21253350393
21247958508
21218522855
21238230180
21210466244
21220730616
21222711085
21225007437
21225742667
21222316173
21213606406
21205459474
21222993716
21230666663
21223548916
21241060786
21243301480
21235531041
21229028448
21216761162
21205871994
21212804400
21201356324
21201528326
21180261248
21185259980
21195120065
21195149445
21199393955
21210134870
21210647697
21233311275
21246544651
21259949514
21244104087
21244205803
21259712231
21251155152
21256944738
21266129984
21294181107
21317351994
21319294275
21343965936
21330390221
21304994610
21299549586
21289983288
21277225789
21299201169
21325933625
21315709448
21314488628
21322249367
21335214325
21346766902
21367897297
21374798571
21367987596
21375983599
21380585575
21370208090
21361848559
21396650856
21370331750
21366553326
21340548332
21314800803
21298905210
21305107991
21280816725
21284638799
21281498690
21272228506
21283087632
21299786843
21293312666
21301356878
21296331887
21297679535
21304770328
21304039557
21283475691
21304588414
21275024406
21277685485
21284566911
21260448278
